99 47 21
46 4 25
86 75 59
45 42 64
2 69 15
16 92 69
62 94 56
49 14 17
48 20 95
91 5 27
45 24 28
29 56 5
36 89 79
75 71 59
58 32 43
88 30 16
34 64 60
76 39 62
67 18 72
27 24 24
36 69 9
13 9 18
95 97 7
42 67 17
7 87 37
4 14 7
64 91 14
74 26 17
99 17 65
60 86 22
56 66 63
28 88 79
13 60 62
24 22 69
64 76 36
20 36 24
66 38 75
97 16 20
23 34 52
6 52 37
86 60 35
58 74 52
69 4 57
46 75 32
39 98 85
90 46 13
54 88 43
69 1 51
69 76 9
82 81 80
66 93 26
17 12 34
69 24 63
45 97 10
23 18 72
15 38 35
41 8 14
18 80 22
54 40 9
83 14 97
9 36 76
85 21 87
7 6 11
55 78 42
6 47 65
20 9 83
50 26 40
8 16 92
38 83 22
100 34 83
89 67 47
42 49 80
89 32 58
73 4 68
75 71 9
75 78 40
8 80 65
87 42 16
31 59 23
73 92 51
26 94 13
45 54 22
70 21 60
3 59 97
24 55 88
5 89 78
95 9 10
49 46 79
59 59 12
11 54 60
83 97 9
12 5 26
70 44 29
2 3 1
17 68 51
39 62 28
56 51 90
55 19 2
5 78 45
91 90 75
