31 29 73
64 65 12
6 11 43
74 81 20
31 2 16
17 57 64
83 77 94
82 78 74
58 91 98
86 21 47
13 62 85
19 23 48
40 13 52
62 27 12
18 40 6
21 14 10
1 51 76
45 7 100
61 30 62
31 84 40
11 47 61
77 81 4
94 52 83
92 24 94
25 83 70
15 6 11
58 12 51
95 55 59
57 32 2
63 76 35
18 93 100
42 3 21
35 87 35
84 28 75
3 51 63
73 75 30
45 63 73
66 96 37
24 10 31
94 92 65
22 21 78
41 15 7
55 78 18
33 13 61
59 91 97
40 4 10
38 81 19
32 11 26
66 35 56
100 35 74
34 98 24
52 53 27
36 96 38
28 96 95
10 20 71
30 92 43
48 15 29
88 47 5
5 33 27
10 54 38
55 22 7
60 69 31
96 29 24
9 69 73
83 12 37
78 95 12
86 18 22
33 56 97
25 66 55
89 72 11
48 99 21
11 85 70
60 75 86
63 28 23
24 28 29
36 67 85
79 59 18
80 53 35
100 38 47
42 79 5
91 9 10
48 90 54
70 4 99
95 8 8
53 66 92
52 1 22
36 80 73
11 43 13
33 51 7
49 37 81
35 40 6
19 14 81
21 59 78
24 17 58
43 72 93
40 76 10
99 10 13
68 64 1
31 16 98
2 65 81
35 93 38
21 92 97
38 68 82
60 43 97
92 1 54
20 9 24
49 61 20
66 19 62
1 99 63
71 33 77
67 65 89
65 47 25
34 51 1
19 13 34
24 26 48
87 20 2
89 50 24
84 80 95
30 40 31
82 62 73
46 65 79
44 9 85
54 44 92
3 95 20
91 26 13
2 76 55
72 68 24
83 47 74
92 79 45
26 71 4
76 64 1
76 72 90
62 11 43
73 68 32
97 44 17
100 65 67
13 87 89
29 72 27
12 84 88
33 11 20
11 69 46
39 16 64
21 22 39
4 56 90
55 67 21
86 64 98
51 16 99
18 26 37
100 4 43
11 48 82
82 41 25
96 46 1
64 50 33
45 50 24
8 80 44
3 53 37
46 5 12
38 41 7
2 73 97
66 40 63
49 70 82
15 95 100
75 87 87
66 6 77
79 73 100
44 79 93
29 14 44
60 69 74
77 5 6
10 98 53
6 75 30
52 57 79
10 16 87
91 48 47
28 63 5
57 46 10
92 23 40
74 57 6
7 46 69
10 37 76
29 35 50
13 47 8
24 64 26
34 56 52
72 96 18
94 99 39
54 85 21
43 55 97
59 83 71
12 97 80
2 75 81
93 74 99
89 81 73
43 46 11
81 67 28
82 58 34
43 3 65
56 8 8
16 38 68
61 39 98
30 56 63
90 3 34
48 9 83
89 44 83
79 69 2
17 76 69
80 61 58
45 4 39
87 13 76
49 27 91
71 69 74
15 84 74
81 93 27
12 58 59
88 49 31
75 85 20
17 4 32
53 37 46
88 3 88
85 70 25
61 26 53
97 68 57
8 55 15
58 27 3
19 9 96
44 100 62
69 97 44
82 12 85
85 77 36
23 17 68
99 83 12
51 26 28
72 40 71
41 12 5
31 98 24
20 68 74
65 45 61
44 44 98
14 66 61
89 99 59
54 82 20
45 21 65
23 81 64
14 31 96
42 84 2
6 71 28
8 64 2
62 36 27
94 57 98
63 24 84
48 86 82
34 56 59
7 14 6
9 56 28
29 31 75
42 61 20
32 52 75
8 68 24
8 44 97
43 13 15
26 12 61
34 53 80
72 99 84
51 22 62
86 19 95
86 29 36
44 19 20
13 40 83
39 53 66
13 97 51
26 87 14
75 22 28
89 99 62
93 53 79
69 16 96
29 14 57
87 17 71
3 74 32
21 60 54
78 7 20
13 59 56
66 63 70
61 48 65
41 99 73
93 39 46
61 51 62
86 70 19
25 59 1
56 29 27
57 82 39
89 77 52
35 16 63
27 57 83
90 76 26
31 87 11
50 9 56
96 39 37
94 93 41
6 89 65
63 41 75
46 51 80
13 18 95
100 85 26
9 39 37
3 77 73
99 60 28
85 76 20
47 22 87
25 69 22
54 56 4
34 81 37
63 2 24
96 83 82
20 99 78
39 10 33
67 51 73
28 2 94
35 80 76
89 62 67
51 33 70
1 96 25
40 48 84
31 38 8
46 56 46
98 99 94
27 54 65
65 60 4
96 70 42
44 87 89
20 12 2
86 14 18
97 24 77
85 90 60
89 3 100
98 93 65
62 35 3
56 15 9
54 79 5
17 74 81
95 11 35
34 23 45
66 41 89
62 75 91
53 95 33
99 4 9
96 33 38
80 22 68
68 19 17
36 76 37
57 37 14
42 21 26
36 46 6
32 31 17
36 7 70
6 32 13
70 92 89
96 32 27
33 18 86
10 52 7
43 87 37
5 60 19
50 55 24
42 88 9
2 22 14
58 91 95
57 14 64
43 62 18
94 9 70
16 31 74
57 57 77
5 48 80
41 69 46
49 91 36
21 94 47
98 66 49
3 30 45
31 60 33
69 49 4
33 74 57
44 88 44
79 81 49
53 99 10
57 72 9
28 92 62
37 8 88
96 71 5
85 42 52
13 88 46
61 93 18
65 55 47
78 34 97
87 28 78
97 15 88
17 27 17
24 2 91
12 26 5
58 41 75
44 12 93
96 75 79
8 6 55
33 71 12
8 75 68
11 37 49
58 35 27
90 14 49
62 23 61
64 56 1
95 29 49
23 95 43
21 86 66
86 77 44
31 50 92
33 71 50
6 10 45
48 58 50
58 13 56
43 9 45
21 72 24
13 100 49
62 17 66
51 14 70
54 84 13
15 57 15
10 56 10
31 23 65
39 11 54
29 1 7
13 61 16
50 31 47
45 48 73
50 6 61
16 47 33
72 19 17
11 34 81
45 53 100
1 26 86
99 37 43
87 60 63
35 9 46
75 28 82
3 66 61
50 56 98
53 72 53
67 20 99
11 55 89
7 12 7
82 9 72
52 32 40
53 5 48
22 70 49
45 45 41
46 73 21
18 50 54
58 68 9
62 75 55
19 46 58
70 5 25
52 65 6
40 8 76
56 83 49
31 49 20
65 100 36
39 57 56
85 35 32
75 60 17
35 78 31
48 59 23
65 21 24
86 8 78
58 29 16
30 67 45
21 32 47
59 91 12
77 44 53
21 60 80
11 96 27
40 53 100
82 43 18
51 77 60
86 50 52
9 7 14
38 84 89
74 79 61
84 35 56
40 93 14
28 33 50
66 39 15
24 73 52
52 23 26
96 72 92
94 28 59
51 7 39
34 14 28
83 14 44
48 78 84
40 6 23
2 78 71
25 70 84
26 82 51
24 18 66
41 16 24
61 18 87
80 43 8
48 2 33
85 66 11
3 62 51
39 48 42
70 94 55
32 17 93
26 33 28
80 45 60
11 38 10
69 94 24
84 22 83
23 41 32
35 69 35
29 29 40
8 98 50
4 47 59
19 30 59
70 11 72
98 15 27
36 86 85
12 7 62
11 38 18
31 24 10
63 50 80
36 92 19
63 39 81
65 81 87
9 6 87
1 6 51
13 46 23
82 86 32
65 15 46
33 1 100
95 39 6
34 71 34
51 50 93
84 95 74
42 54 38
34 96 81
7 36 12
77 2 36
47 65 82
61 38 88
81 17 84
95 67 25
62 27 62
23 64 3
90 33 96
71 72 8
28 58 3
30 24 85
16 62 46
64 12 82
93 99 59
69 52 65
86 56 55
25 58 65
65 32 16
59 36 13
53 84 73
49 92 100
80 79 10
36 84 62
12 2 53
2 66 67
9 92 6
71 48 18
68 64 13
99 37 67
65 50 89
47 77 60
65 94 83
95 67 84
4 13 79
42 11 66
62 40 4
5 92 48
47 19 37
27 95 79
85 73 84
74 63 66
37 78 87
83 81 55
99 17 53
28 78 58
49 57 8
68 52 70
61 19 65
64 62 90
63 93 12
51 18 25
51 33 75
3 15 76
49 77 55
6 76 26
8 42 15
45 50 83
42 82 87
64 58 62
30 97 72
49 40 99
31 60 35
93 49 79
99 48 81
3 44 85
29 20 97
98 32 74
46 61 26
56 94 37
67 17 72
70 66 76
25 54 64
54 79 99
85 48 60
76 8 75
47 61 84
42 56 20
57 4 47
99 17 52
82 58 73
6 76 30
8 42 42
64 67 83
52 24 15
82 41 1
56 43 81
10 43 91
8 7 39
1 33 67
48 45 55
70 7 71
55 98 27
34 51 74
68 13 58
43 66 46
63 72 16
79 73 89
44 90 31
83 94 80
67 16 71
11 42 30
78 48 61
85 4 71
9 76 68
84 87 35
75 92 52
96 68 11
9 49 59
10 54 2
28 43 23
13 2 33
100 55 4
37 40 37
16 35 18
74 47 42
62 66 75
83 77 65
63 3 96
89 96 14
76 96 90
59 6 43
32 76 15
3 24 71
12 18 99
83 87 21
13 58 92
65 27 27
33 27 88
48 4 61
9 42 73
13 40 68
18 83 82
81 4 50
2 37 16
65 81 37
48 56 51
68 81 96
57 45 42
95 89 33
98 93 57
12 72 60
91 83 32
47 1 54
32 79 9
96 2 35
26 50 84
35 25 98
54 65 1
71 53 36
59 39 23
46 1 50
71 53 15
6 36 13
37 55 33
30 77 96
44 37 74
19 41 95
9 66 7
58 81 40
82 83 40
10 14 52
68 98 92
15 37 45
3 11 66
40 65 38
1 82 53
63 16 63
71 13 41
81 97 8
5 63 45
84 59 40
57 80 38
23 29 16
30 70 61
83 18 99
29 65 34
78 72 98
8 15 74
16 30 94
20 28 36
25 79 95
96 60 84
75 85 67
56 16 75
52 40 37
97 35 30
81 25 82
29 50 10
11 60 76
59 42 54
86 60 21
57 61 76
72 63 5
73 65 8
43 69 92
64 25 2
57 68 70
57 86 86
26 87 40
38 38 40
12 20 82
8 63 41
19 45 37
90 17 33
16 76 11
5 55 8
69 16 54
46 20 17
1 65 85
78 34 31
45 36 70
71 4 65
58 48 26
4 31 9
56 35 55
67 4 61
91 20 46
7 74 59
7 10 86
73 100 41
74 40 31
12 68 79
85 47 83
62 48 59
74 24 80
80 44 7
99 97 40
30 49 55
63 1 73
56 63 79
76 55 93
52 37 28
9 7 94
60 67 39
2 60 48
88 33 86
84 30 44
3 94 3
65 29 34
38 60 49
17 54 18
45 1 19
55 47 49
7 58 65
27 31 11
14 22 79
63 27 66
53 84 61
85 14 93
75 51 72
7 9 49
75 64 83
26 18 70
22 27 62
31 35 36
5 60 57
6 50 64
45 36 81
29 82 63
77 30 56
63 24 76
90 96 27
92 86 19
98 76 22
37 30 25
13 50 74
90 45 81
71 25 30
3 15 57
46 29 21
4 23 16
16 97 5
47 38 28
78 56 68
60 68 72
34 89 81
41 37 45
54 52 58
39 41 79
59 52 79
76 80 3
48 2 2
93 55 79
28 26 68
17 95 6
31 32 56
41 55 69
17 30 33
47 4 69
43 24 33
22 86 79
58 71 94
29 33 23
71 20 43
2 93 37
42 86 56
42 81 100
82 23 85
57 2 92
22 99 19
71 6 83
9 9 95
53 28 10
61 5 16
57 58 62
42 64 76
89 21 83
9 59 17
9 41 51
26 5 47
47 60 45
91 21 2
51 42 79
33 69 34
98 72 71
48 13 14
33 61 22
73 62 47
82 64 47
47 25 31
13 18 9
38 35 6
53 4 71
29 20 59
3 43 47
78 66 75
61 11 18
80 87 100
43 5 15
96 93 87
42 11 16
19 71 63
98 82 85
40 28 11
49 26 55
65 67 88
77 94 22
89 98 83
1 62 48
80 81 68
84 30 25
32 83 3
18 92 78
56 30 81
84 9 11
51 89 93
70 5 44
8 100 5
78 71 32
20 27 78
26 71 40
34 17 94
71 90 35
85 49 14
33 91 7
30 46 27
13 8 80
82 71 56
16 49 23
8 27 54
35 78 46
43 14 100
47 54 53
4 21 76
39 40 57
52 68 85
86 64 1
20 15 27
18 22 93
46 65 87
41 55 18
53 6 21
13 55 51
84 75 3
18 9 15
99 39 71
100 54 84
18 67 57
89 90 4
79 46 99
49 85 1
70 68 31
50 54 59
41 80 87
98 43 14
75 84 56
63 93 36
30 55 69
45 39 49
99 2 92
28 82 12
28 3 90
31 18 25
20 12 26
24 11 63
7 50 39
11 67 67
84 13 13
95 15 21
57 61 36
10 66 32
70 74 29
3 27 4
47 35 11
77 68 20
39 88 72
19 6 60
48 21 44
46 69 55
85 41 60
62 66 18
98 13 38
32 37 48
79 48 84
28 14 45
95 43 75
40 11 33
93 47 56
53 100 84
52 38 73
21 57 87
75 61 79
12 16 2
5 50 62
33 30 24
16 34 1
26 62 75
32 65 19
85 53 86
96 74 37
72 86 78
76 55 92
30 51 29
24 2 2
40 96 51
99 99 33
40 62 4
76 11 33
88 63 82
60 76 51
100 74 95
6 80 51
20 94 60
75 30 76
29 31 87
73 85 57
19 61 9
26 32 73
85 51 28
9 89 40
32 71 36
33 20 31
23 28 70
18 86 34
79 96 92
11 36 83
71 76 48
71 66 51
83 35 34
90 96 5
8 84 12
84 55 61
3 67 73
83 5 82
72 9 94
83 25 73
26 95 57
25 42 7
87 38 21
59 57 54
56 5 36
48 20 70
52 43 33
67 95 59
4 99 43
91 92 57
92 35 39
39 19 64
80 82 81
52 94 24
78 99 6
51 93 60
2 3 19
47 4 68
89 85 42
93 69 69
14 72 34
71 87 39
47 75 53
20 97 79
37 75 13
14 24 85
64 100 55
55 82 29
55 100 93
48 17 7
99 22 49
69 14 8
97 7 67
60 15 39
56 38 72
64 6 64
62 53 32
80 69 31
46 43 11
23 98 83
8 18 85
55 100 54
34 91 58
71 31 82
88 39 87
41 7 2
86 78 43
87 46 66
81 9 12
78 98 22
77 42 88
22 66 32
52 37 18
8 51 24
63 45 96
30 14 8
41 84 86
35 30 55
9 58 62
40 28 70
79 59 28
79 48 44
51 59 19
57 76 59
72 66 95
43 96 59
39 58 31
7 98 54
42 83 34
40 16 5
86 4 2
59 20 56
66 64 67
31 90 44
61 34 72
31 5 33
69 66 75
49 64 85
50 38 97
71 61 47
85 50 49
92 25 50
51 45 1
27 30 10
39 20 50
11 69 10
95 91 91
4 63 56
90 83 38
80 31 17
94 89 44
57 94 65
84 2 20
9 24 93
94 8 35
20 27 61
83 48 34
93 21 79
31 20 72
60 22 15
69 62 9
43 88 33
81 34 47
7 3 99
77 19 47
53 91 36
60 74 50
96 60 88
64 76 65
57 73 14
97 94 4
8 35 93
42 96 71
36 1 59
56 12 79
73 39 91
82 6 21
36 2 13
91 41 29
3 94 11
92 63 4
96 15 64
1 87 45
35 65 90
14 61 98
85 84 76
43 37 30
97 79 100
47 17 95
41 2 40
81 33 72
56 5 34
25 42 44
66 19 69
49 15 98
38 39 99
14 61 22
80 66 98
97 59 49
22 58 72
49 72 62
70 95 48
55 26 21
54 22 64
44 64 35
47 48 99
3 41 25
16 90 3
36 98 89
3 97 2
48 82 11
1 37 17
73 58 43
30 56 35
17 79 65
78 74 7
34 22 12
87 70 11
100 74 26
82 59 11
14 78 51
65 11 62
33 24 98
97 96 8
5 36 85
97 21 91
41 56 17
51 17 2
71 8 78
63 42 1
99 69 33
21 34 28
53 74 59
18 2 5
77 40 33
59 76 23
1 10 68
33 5 70
56 43 19
29 37 74
26 94 29
55 31 65
49 92 22
90 10 58
78 100 33
9 4 76
82 76 37
7 44 4
80 92 43
56 31 80
67 98 96
37 11 86
54 94 88
2 76 100
15 61 93
86 44 67
95 73 18
57 73 22
77 81 30
38 68 97
26 58 65
71 41 20
43 61 81
3 43 73
69 12 80
74 95 84
83 22 24
26 19 62
66 83 19
69 65 30
98 78 26
51 83 49
74 6 31
97 4 73
95 77 31
19 11 15
91 56 46
51 48 77
31 88 83
57 54 23
77 17 41
37 40 67
90 14 2
16 95 63
58 20 66
33 94 5
86 20 60
27 42 97
65 53 10
85 23 29
69 41 20
87 74 39
38 84 94
82 1 14
38 66 21
67 87 25
8 82 45
44 39 40
99 98 46
95 22 50
88 9 43
2 91 34
10 13 41
60 47 89
94 38 65
13 24 50
2 42 29
48 95 84
98 37 86
10 44 84
91 10 95
56 52 31
83 50 60
83 35 83
54 17 19
36 90 42
16 96 89
52 92 10
45 20 27
52 82 86
21 40 99
75 8 98
21 81 84
90 94 98
33 2 100
32 92 4
89 48 57
47 58 83
46 89 68
17 37 4
86 30 54
41 49 76
41 66 100
30 10 97
24 88 76
94 11 25
21 15 9
57 53 98
80 35 84
61 77 25
96 55 67
29 21 61
64 64 20
84 49 17
18 89 3
58 90 22
12 6 99
85 58 36
16 96 88
65 33 21
63 51 49
50 69 86
12 3 26
70 89 94
4 58 90
35 48 23
95 20 91
84 64 45
76 46 49
1 85 70
46 61 71
7 83 23
82 14 85
98 7 16
70 33 81
29 90 12
23 38 56
51 77 87
46 7 34
48 94 16
81 92 81
52 14 36
85 48 18
71 91 95
17 89 1
90 58 59
97 73 46
57 66 19
73 8 57
37 20 61
44 16 91
4 28 31
6 74 9
93 50 95
85 85 14
60 31 28
46 66 80
49 67 41
24 97 53
77 2 85
82 10 16
30 68 3
66 19 90
99 40 99
90 21 24
31 48 53
9 85 40
28 15 10
28 45 13
25 48 50
74 86 96
57 46 73
12 63 26
20 94 37
38 80 17
50 49 41
91 7 18
96 85 32
68 29 89
51 26 97
34 27 14
35 65 29
27 10 97
89 46 44
44 81 25
38 47 62
79 100 96
10 45 37
80 34 67
46 70 98
85 43 71
4 81 96
1 100 78
60 98 62
78 100 70
19 5 75
19 31 24
66 96 59
70 28 59
25 100 39
22 35 18
90 68 45
44 82 19
41 65 83
18 53 86
35 20 3
2 71 36
78 2 79
5 40 56
58 6 93
61 95 38
3 45 14
15 54 92
96 81 19
73 16 20
60 24 15
48 47 87
94 32 79
83 28 61
17 63 85
33 37 47
57 7 80
45 52 7
93 41 34
12 59 37
77 9 6
22 38 74
32 43 14
59 86 65
28 30 40
75 72 58
30 30 3
28 24 18
15 22 74
12 32 22
76 17 19
77 71 40
35 34 31
70 82 43
55 51 96
82 65 7
44 18 100
38 47 12
86 56 50
69 7 37
43 92 52
64 41 39
20 36 46
31 70 93
5 32 94
18 27 87
27 88 31
47 63 79
68 44 59
29 32 92
92 42 96
12 84 90
79 29 79
58 30 40
35 39 46
1 26 77
43 90 26
7 57 80
9 90 10
41 8 1
10 51 3
28 87 90
2 69 6
73 34 90
5 90 21
55 34 49
41 55 60
55 92 62
80 16 20
75 9 81
2 93 74
47 89 8
93 30 89
95 63 72
49 37 42
56 62 88
19 71 76
70 100 5
16 4 82
22 71 68
98 89 35
21 12 53
39 32 92
43 95 21
54 66 38
29 37 28
82 48 69
41 9 73
8 66 56
59 44 1
96 61 14
78 99 42
21 17 16
61 58 32
54 14 95
27 65 30
66 63 15
66 36 14
97 27 2
42 9 17
2 88 16
77 8 90
99 81 84
78 54 25
78 14 19
31 44 2
84 50 11
30 41 35
60 65 80
29 15 42
34 94 2
36 14 16
55 74 7
98 66 80
93 35 56
42 34 23
45 36 35
27 97 100
87 85 37
1 82 59
44 42 83
17 58 11
70 70 44
14 77 75
71 21 80
82 70 44
92 30 69
88 41 37
86 64 80
56 27 32
48 74 96
5 74 8
99 64 97
87 25 98
20 61 87
19 33 19
7 42 11
51 13 68
64 96 69
48 47 66
99 43 96
16 66 78
69 94 55
18 83 32
19 34 65
77 5 73
95 5 31
25 75 19
28 81 10
77 33 47
81 50 75
8 60 73
9 34 97
87 71 31
64 23 63
82 80 71
65 29 15
96 53 55
91 10 9
85 43 69
12 18 66
53 24 8
37 26 81
76 50 75
78 11 84
36 95 30
48 66 88
92 69 84
65 78 85
46 39 30
99 89 60
9 6 62
53 82 5
69 7 30
34 52 40
70 18 78
64 60 3
55 42 22
84 64 8
56 25 80
96 70 95
54 17 41
80 11 47
96 32 85
63 35 4
96 38 71
89 66 38
71 57 80
69 63 37
98 89 67
51 53 91
87 27 24
16 84 12
32 19 67
47 8 66
29 30 29
100 13 96
36 71 74
11 36 18
77 71 23
91 88 97
70 51 70
73 92 74
46 26 21
89 81 32
76 100 68
72 56 17
88 78 64
97 83 76
87 71 56
6 76 79
95 68 18
18 81 21
47 27 38
10 20 26
71 50 81
6 40 9
21 12 51
84 89 53
8 36 42
86 84 97
52 36 36
58 5 75
68 38 33
2 67 69
43 37 67
23 6 86
59 17 40
77 1 100
76 20 33
19 74 76
14 4 70
35 37 98
49 30 54
45 65 46
65 66 3
8 4 3
79 45 50
73 22 69
89 89 6
51 17 46
1 66 51
8 3 64
26 16 97
14 7 69
59 83 85
92 93 37
11 33 74
62 22 36
56 100 68
80 28 90
26 73 29
98 100 33
78 92 74
99 44 51
1 92 37
82 69 19
59 31 72
23 91 87
73 40 89
59 64 1
67 10 76
14 14 51
78 87 29
73 9 53
72 73 3
14 99 34
63 1 86
61 46 71
21 10 48
71 8 42
89 2 73
40 15 84
23 81 59
31 76 7
51 72 73
17 94 67
79 4 49
50 37 4
85 89 30
12 72 23
86 48 4
11 65 12
78 87 36
96 16 87
57 1 66
19 12 13
88 67 76
37 85 8
82 86 19
86 81 3
74 44 25
32 72 51
77 17 8
78 10 9
13 39 19
34 82 64
40 92 80
75 14 51
9 69 34
47 35 93
23 70 53
26 99 89
69 61 67
92 83 48
84 38 63
79 82 4
16 64 75
13 82 51
66 4 55
71 21 80
13 67 83
68 76 82
4 73 92
13 25 79
1 56 37
45 6 22
24 16 80
41 13 100
76 67 90
52 95 77
86 44 22
60 89 85
77 51 10
93 96 52
46 30 55
56 86 3
74 81 15
62 16 94
93 6 76
67 75 61
19 6 88
9 13 96
33 51 38
80 31 16
49 14 39
56 16 72
89 85 67
100 67 15
20 14 75
24 32 81
26 35 59
18 99 1
72 19 100
92 47 12
38 14 46
23 60 20
85 80 97
74 83 35
55 46 91
74 100 73
17 98 31
58 67 46
77 73 97
6 16 54
66 52 70
16 59 48
3 25 3
28 72 88
78 63 27
55 10 59
6 88 83
9 10 57
12 55 61
70 86 50
66 100 19
49 94 77
59 84 94
14 72 89
74 97 54
14 44 50
93 74 7
29 31 78
46 42 27
49 78 85
39 95 40
51 90 86
81 86 86
18 6 23
18 59 95
27 28 37
10 42 13
58 54 56
93 6 85
41 57 59
86 87 84
88 77 86
24 24 2
53 47 79
77 25 99
15 79 9
83 27 54
24 93 23
45 12 16
16 89 36
26 85 7
81 92 41
56 18 6
74 35 93
11 30 15
23 84 93
11 47 87
74 48 50
35 18 15
43 11 8
27 75 66
29 17 60
51 12 77
26 99 88
47 5 38
71 97 67
34 73 20
44 77 93
38 68 77
85 81 21
46 85 85
39 94 57
68 27 34
5 32 34
42 99 49
90 16 10
53 71 92
93 91 60
1 39 14
93 6 3
39 53 59
94 84 58
55 90 13
5 34 21
25 89 49
61 73 38
11 3 18
29 73 5
59 99 25
86 6 75
34 22 32
22 62 27
42 21 84
47 18 64
51 6 67
51 92 55
67 71 99
87 49 91
99 86 19
52 78 100
58 48 80
95 4 52
76 55 39
7 94 33
6 80 76
36 40 82
15 76 67
55 30 39
63 29 24
47 18 69
28 39 96
3 26 3
89 22 78
74 21 42
36 35 87
71 45 97
31 83 79
14 16 95
94 72 52
8 38 20
59 68 97
17 10 24
96 88 96
18 14 35
1 59 43
99 28 44
65 58 94
64 75 24
70 4 71
42 84 18
83 66 50
16 28 3
32 72 5
63 1 42
76 19 77
36 85 10
35 64 3
29 18 23
5 79 61
2 39 41
98 78 30
95 49 37
29 64 1
8 28 30
99 72 41
74 12 32
10 84 73
91 39 59
52 85 96
76 33 97
23 58 57
63 39 89
84 9 14
51 31 31
88 28 37
93 26 29
92 30 62
27 83 37
9 99 67
73 77 6
35 100 68
68 5 24
93 15 18
79 21 24
6 69 26
20 51 35
39 68 68
88 100 75
9 50 92
22 64 68
9 44 83
86 93 45
57 92 93
47 42 13
21 46 38
97 70 83
81 96 54
5 54 11
6 89 89
100 68 16
3 72 73
50 36 40
85 43 49
8 50 47
79 61 5
57 33 40
65 4 36
98 14 5
20 54 5
50 93 26
32 42 99
81 13 1
52 7 46
10 52 71
12 46 36
10 54 13
72 60 97
2 13 71
74 52 7
69 5 32
89 11 69
94 27 41
76 82 7
13 97 16
5 67 22
39 89 76
6 19 75
19 34 29
5 30 8
24 89 66
58 95 11
38 23 16
28 99 39
7 6 78
33 31 21
36 96 86
26 21 51
36 17 86
28 13 23
54 45 82
23 66 72
70 29 58
93 14 15
2 35 4
91 26 88
15 85 67
41 97 31
22 56 56
26 8 100
40 55 83
60 16 38
39 15 36
47 38 31
31 33 29
79 9 40
13 9 90
62 19 41
73 63 26
6 48 6
98 20 42
52 27 15
99 99 54
54 81 50
52 87 21
94 62 92
73 75 38
18 65 11
17 14 77
23 15 74
31 22 58
78 32 88
58 30 56
40 18 74
87 28 80
66 11 31
98 47 1
51 61 15
13 56 1
77 34 4
73 14 93
3 14 11
14 26 91
32 17 12
51 68 1
96 74 81
98 57 83
60 83 19
67 14 56
100 77 19
20 60 55
59 57 17
