77 2 98
84 14 34
25 15 24
73 27 63
94 16 12
27 86 45
48 16 71
71 70 36
67 71 41
24 42 27
58 8 96
77 71 31
7 29 83
2 40 64
67 57 97
14 44 37
58 89 13
99 65 54
45 7 10
92 69 40
74 59 28
67 8 12
54 40 86
28 58 83
49 24 4
11 65 47
43 49 49
90 67 16
4 53 44
17 94 30
46 86 88
29 50 90
93 87 98
75 55 98
28 13 72
93 13 53
50 25 2
37 70 40
46 28 65
69 90 90
41 48 47
38 54 74
39 43 4
42 88 14
30 31 20
65 95 74
85 45 8
15 97 48
84 9 51
63 20 24
86 67 7
98 36 6
52 65 84
51 28 81
1 76 56
24 41 86
48 94 6
53 61 77
51 15 68
98 94 82
74 40 24
27 87 18
3 13 4
49 23 24
12 48 64
66 35 79
21 75 59
46 7 14
7 96 99
28 90 79
32 26 16
35 83 28
3 85 78
51 88 62
42 40 84
73 60 36
26 49 98
38 79 3
31 76 44
74 22 76
93 66 82
37 39 80
9 58 44
67 20 98
88 46 79
40 6 71
8 73 9
81 87 84
97 69 79
10 70 81
40 17 95
72 83 61
54 45 54
10 49 69
99 8 84
75 11 93
84 13 4
68 37 77
25 50 57
62 71 73
29 57 72
18 68 7
48 71 90
87 89 3
83 33 89
19 17 58
75 74 90
80 73 3
78 80 45
60 49 52
10 40 94
62 59 78
90 56 81
64 55 71
83 65 35
76 26 82
25 87 19
65 80 35
69 5 65
4 56 89
98 95 97
80 48 85
6 8 63
83 47 68
54 27 44
26 91 28
22 6 40
64 97 45
72 41 87
66 42 55
26 57 28
49 55 65
79 32 45
48 11 39
87 93 76
4 9 74
52 89 9
6 100 84
64 7 94
85 12 35
38 15 16
78 39 51
98 87 30
62 73 57
97 21 60
41 30 95
65 38 43
27 47 51
52 17 25
41 53 70
2 81 96
97 1 67
53 47 8
23 52 20
21 62 72
21 34 92
22 8 21
98 55 15
23 79 87
23 97 47
8 88 94
44 24 97
50 56 81
71 46 89
15 15 69
71 1 75
13 5 90
66 37 39
22 45 48
7 44 60
63 78 72
56 47 24
27 14 47
25 53 92
97 41 85
98 86 86
94 97 81
33 46 73
21 79 38
51 46 49
49 90 19
75 66 81
27 23 7
20 63 20
96 27 97
73 33 36
6 83 65
52 11 9
14 44 75
81 38 90
91 94 82
18 100 45
8 40 74
12 55 17
73 40 94
34 36 4
37 28 62
72 29 1
13 10 94
3 95 86
86 30 20
82 40 61
1 6 31
3 60 94
76 44 37
82 55 98
33 56 7
41 11 13
65 26 74
2 51 72
85 4 73
94 34 52
54 18 74
40 40 75
10 8 12
23 66 37
51 82 46
43 17 22
5 70 37
61 73 88
28 39 31
34 14 46
3 28 55
66 64 47
80 3 63
83 47 61
9 42 100
9 39 83
64 2 15
69 37 11
50 3 30
30 50 47
63 40 42
65 79 78
25 84 85
72 46 69
93 52 56
14 81 97
30 94 24
77 13 4
75 45 59
31 78 63
78 25 62
6 35 91
13 53 5
7 80 14
89 39 75
75 51 90
57 36 84
12 84 65
81 65 37
60 12 16
34 43 19
37 26 36
42 72 96
10 16 22
68 14 37
43 21 85
56 28 47
40 75 87
20 50 95
46 99 52
41 78 93
76 80 82
99 98 35
54 71 73
39 17 72
12 8 7
98 35 98
42 26 88
59 56 13
29 46 61
58 28 69
58 40 61
46 71 93
66 73 60
15 93 60
29 56 10
57 35 67
93 60 43
86 54 85
18 4 74
83 76 4
91 63 32
37 9 2
13 92 51
83 49 85
20 89 69
88 83 17
62 1 75
48 35 70
9 88 61
17 11 97
35 67 33
6 10 16
11 98 76
12 42 12
55 87 84
93 23 83
98 78 70
96 28 49
46 95 59
90 64 59
73 23 67
76 26 68
55 29 52
16 75 37
83 17 92
78 49 3
36 92 66
86 30 30
6 48 64
81 66 1
52 88 33
39 99 49
2 6 9
74 33 48
65 39 86
40 71 81
95 14 36
87 60 74
91 63 3
14 36 4
15 90 18
69 41 77
63 12 20
55 29 2
78 65 6
77 78 54
92 90 97
96 15 31
37 74 51
96 34 29
21 1 65
31 88 36
71 59 100
99 95 11
92 73 60
5 90 5
28 33 84
44 3 31
50 46 37
22 8 84
8 46 36
6 27 51
53 69 33
82 43 56
40 44 48
92 16 21
90 62 58
89 67 97
29 44 75
24 7 6
20 63 98
86 73 87
62 32 97
53 10 56
18 69 57
6 59 57
87 97 86
48 23 90
49 96 25
91 47 77
68 96 81
20 48 21
46 69 89
29 79 67
24 28 70
13 64 77
70 42 47
24 27 6
84 69 74
94 15 80
2 63 40
99 21 94
32 2 64
35 32 10
25 31 2
43 33 4
89 28 58
5 63 80
79 59 49
22 27 67
25 48 55
15 74 56
47 98 95
31 93 100
37 39 46
67 55 7
58 89 100
45 27 46
38 87 36
28 42 91
14 30 71
41 19 47
13 80 19
84 29 39
48 34 46
86 59 6
36 70 45
78 51 97
72 37 45
23 98 46
12 75 20
5 27 2
95 20 18
6 30 83
63 37 25
75 26 52
36 43 53
13 31 91
47 27 89
99 75 85
65 10 37
15 80 16
23 22 13
33 83 21
61 37 18
94 93 82
42 72 71
42 60 27
87 40 85
90 5 78
1 9 97
96 32 19
74 91 43
9 92 6
77 38 3
70 50 15
89 32 24
5 97 43
38 92 84
5 66 20
27 5 56
89 41 37
69 2 62
39 91 16
43 36 59
82 39 10
84 61 18
28 84 48
3 74 17
85 100 59
65 21 42
66 83 30
17 78 43
55 32 65
51 76 57
10 85 1
82 77 74
51 38 71
59 21 69
70 52 22
95 62 71
89 69 9
17 87 95
27 87 87
38 94 50
35 94 35
15 89 97
31 13 8
86 29 67
48 10 29
34 50 6
61 27 68
68 72 72
68 23 44
5 15 57
28 14 21
24 68 31
92 68 88
26 18 74
14 60 89
34 59 79
80 38 69
5 74 26
49 23 83
12 47 94
51 69 21
45 4 2
99 98 81
12 44 36
1 67 88
56 90 51
40 31 62
55 95 48
47 41 64
16 44 64
1 60 63
66 72 57
87 4 57
23 23 31
79 74 43
50 20 75
46 93 72
65 65 32
76 48 70
78 73 28
62 94 23
31 1 46
18 97 26
52 72 37
3 29 47
100 6 13
95 40 42
20 65 96
8 1 27
96 45 95
17 14 57
97 48 17
84 20 28
80 35 80
3 6 9
73 42 12
48 27 50
65 46 70
56 94 94
74 81 33
74 88 99
73 64 63
1 48 22
35 35 1
1 89 67
18 7 53
40 48 6
61 1 45
75 79 7
86 71 10
23 28 98
64 21 2
57 6 97
43 17 23
55 44 87
82 22 57
18 84 19
32 12 80
91 77 66
59 92 90
17 63 87
71 93 28
29 59 16
89 5 15
41 93 38
8 63 90
71 98 100
6 89 25
26 55 68
14 58 12
23 41 64
67 73 28
44 54 58
68 56 56
52 78 28
46 74 38
46 23 78
43 8 11
90 36 58
60 28 86
100 21 93
13 12 54
46 51 19
87 57 58
38 12 9
6 84 62
20 1 98
53 25 63
29 63 9
25 53 54
54 40 48
97 23 18
83 10 49
73 36 9
23 42 66
89 75 13
11 35 83
38 50 40
32 57 38
28 56 72
10 99 32
84 31 11
29 9 50
6 96 20
74 31 99
60 45 31
97 49 82
11 51 16
88 59 12
8 84 13
29 8 38
81 21 39
71 24 50
34 46 46
50 40 82
20 6 3
50 100 64
33 24 13
49 4 99
20 43 90
91 10 81
9 10 78
50 55 42
36 91 40
85 30 55
77 82 60
37 52 93
25 30 58
18 9 68
61 88 97
92 51 14
60 61 31
80 93 30
90 63 76
56 75 24
99 90 13
85 35 22
94 65 67
93 12 36
45 73 21
71 55 69
87 46 51
25 14 34
96 11 14
78 46 36
76 73 2
80 95 3
93 26 24
54 22 49
10 2 33
8 30 44
95 36 6
71 75 10
71 24 46
84 97 68
84 61 50
74 98 61
86 63 35
16 93 44
74 72 43
96 15 24
60 99 40
7 93 40
35 95 52
41 32 22
32 69 38
52 78 25
84 83 26
51 9 50
38 26 96
28 65 70
58 80 95
4 46 56
43 52 86
1 43 82
31 75 92
84 88 6
33 30 40
89 84 82
14 57 44
43 29 43
96 60 65
74 86 69
35 32 51
12 24 4
3 27 10
65 54 3
76 91 93
38 1 51
5 73 88
62 74 4
4 35 50
76 5 56
42 82 89
79 1 13
97 70 44
49 45 71
85 81 53
6 4 77
8 27 7
44 98 21
72 22 89
36 85 24
15 64 97
64 26 66
14 19 1
98 65 35
76 98 3
13 59 30
43 11 87
18 84 73
32 92 38
9 57 24
63 7 8
8 46 77
18 98 37
93 14 76
43 51 90
16 90 95
28 70 4
62 57 60
23 91 1
26 63 80
69 60 47
75 80 100
69 24 53
37 57 50
84 17 96
86 83 45
8 35 83
39 57 52
75 71 29
93 90 17
71 33 22
16 29 34
34 84 54
24 52 96
20 12 9
2 72 56
58 44 11
27 51 76
72 3 14
2 14 7
16 34 86
24 15 93
78 22 14
15 5 35
62 65 45
31 82 39
25 38 10
71 53 6
32 93 30
28 37 52
8 40 8
14 17 37
98 92 52
97 49 98
17 6 17
70 51 1
30 60 80
91 36 18
70 76 68
37 93 74
11 74 21
43 67 15
3 43 3
92 52 1
47 98 55
9 67 95
40 4 18
37 48 24
27 6 46
93 2 38
24 66 2
85 76 38
41 58 50
36 55 28
98 87 55
2 67 94
59 5 52
8 12 82
88 10 48
49 27 86
99 91 83
75 37 59
91 91 7
50 65 50
60 90 75
84 62 26
99 71 66
68 95 93
39 36 84
82 3 5
32 44 9
36 30 11
94 63 15
11 44 39
41 76 85
74 75 88
45 71 35
74 87 61
39 50 32
62 34 26
94 45 76
49 32 15
69 70 27
87 16 71
71 17 55
24 45 14
1 27 53
27 84 29
76 95 66
37 41 13
46 6 82
33 48 48
36 5 31
9 5 22
72 52 35
92 73 87
5 21 54
46 86 65
23 85 66
63 77 74
91 66 64
33 90 41
67 75 57
44 44 62
30 94 47
34 3 23
33 5 67
87 5 11
95 80 88
75 75 40
38 17 29
22 85 68
13 19 12
86 29 18
38 4 98
15 20 3
40 32 2
26 38 3
49 53 23
17 70 32
81 4 43
42 15 23
78 63 48
70 79 63
62 57 88
80 65 73
66 71 85
56 83 32
20 53 30
74 13 24
71 60 57
96 16 67
54 10 54
70 15 78
81 74 61
8 18 37
39 66 72
87 39 10
11 55 81
26 26 89
17 50 24
69 55 94
57 77 72
19 32 29
48 35 91
22 99 84
35 62 79
61 78 66
17 66 83
33 36 75
15 69 78
74 63 96
69 9 27
28 2 68
33 91 67
14 53 30
54 4 31
68 50 7
13 32 73
40 66 84
92 93 31
56 11 8
36 93 65
39 47 34
54 74 95
70 8 10
4 19 27
10 76 24
73 50 4
78 57 84
81 41 30
71 89 98
30 65 31
30 98 79
57 58 13
69 27 86
41 43 70
24 1 95
35 32 3
63 23 72
48 15 19
92 49 23
62 6 25
8 38 100
34 18 86
75 91 79
54 72 70
9 21 99
98 52 47
29 70 30
7 81 56
16 96 94
38 77 97
66 71 49
54 69 20
66 82 37
35 12 18
11 38 92
56 13 24
30 19 42
45 31 81
84 20 48
52 61 80
10 12 1
89 67 69
92 18 42
15 54 26
85 38 81
97 94 85
25 9 50
57 67 81
73 17 7
45 34 69
84 15 27
82 15 30
8 41 19
18 70 36
10 26 93
7 28 84
83 84 36
96 31 24
68 90 67
25 77 67
34 70 79
23 98 10
38 88 22
38 43 97
7 5 18
34 26 66
79 52 15
47 78 24
50 59 27
56 32 68
83 52 48
34 77 39
62 17 3
50 98 41
57 30 73
85 15 82
26 52 54
78 32 31
59 96 92
82 74 16
61 70 80
34 53 89
38 45 42
22 94 78
56 1 10
91 96 45
63 23 41
84 2 60
25 64 6
84 75 82
85 12 1
49 17 40
10 47 59
68 27 92
40 59 21
88 41 54
2 54 21
73 42 5
16 93 2
54 69 44
73 61 23
53 41 49
90 87 87
66 48 66
1 63 18
59 41 38
62 36 86
88 87 30
17 51 65
29 30 89
87 84 67
23 32 58
38 68 91
79 68 77
3 56 98
79 52 77
90 95 33
48 52 22
57 64 58
21 90 48
21 36 55
82 27 53
7 53 83
54 25 71
61 44 50
64 77 3
10 45 59
16 31 27
76 56 74
47 14 76
49 9 11
61 1 3
75 63 46
14 28 82
86 70 60
17 92 91
52 19 89
21 59 6
53 95 31
59 100 80
31 49 89
68 20 97
83 63 44
37 47 87
22 67 9
42 29 99
45 51 9
65 49 14
88 73 83
50 58 38
60 35 80
40 9 77
4 83 10
22 92 8
20 57 49
46 10 61
77 78 59
94 62 91
89 5 67
46 70 46
48 13 30
20 48 86
74 73 12
46 31 21
22 100 63
62 9 28
58 3 3
40 53 16
37 55 59
44 93 91
22 77 91
5 70 97
55 90 42
94 60 58
77 51 64
63 11 52
89 37 58
76 61 60
33 6 73
1 24 61
53 48 97
1 50 15
54 6 85
81 75 85
25 65 7
13 22 65
24 19 36
47 57 63
96 59 94
85 73 25
24 2 52
15 44 87
76 75 2
67 7 76
68 29 13
37 20 86
99 23 38
51 41 20
40 83 15
49 15 4
31 90 82
53 83 38
86 89 39
35 71 60
22 38 87
39 45 78
77 2 58
7 70 2
91 26 51
17 87 61
47 78 67
4 48 56
52 36 67
25 67 20
11 76 67
34 9 4
69 95 64
17 27 51
83 80 98
87 71 29
37 21 37
79 83 19
58 13 78
73 85 1
38 33 11
35 20 49
53 79 75
69 85 10
34 30 33
75 25 61
18 9 43
41 24 87
16 79 17
44 82 33
80 11 79
77 78 82
4 93 32
91 90 11
51 5 31
53 98 82
57 40 92
7 53 37
20 31 63
9 72 72
16 37 26
65 70 67
91 5 20
3 79 6
17 42 52
66 90 53
29 2 42
11 59 74
33 34 4
90 40 89
44 33 36
97 91 9
96 19 2
4 49 21
89 10 25
4 66 67
6 24 14
89 47 51
45 93 33
35 7 26
2 33 86
24 97 43
50 48 71
65 65 68
78 54 17
87 46 77
92 27 95
100 95 85
98 85 18
45 2 77
41 42 64
75 93 7
58 69 50
83 39 30
48 4 10
53 50 33
9 39 54
18 34 75
26 87 4
80 55 2
77 95 10
25 2 78
51 75 60
64 39 52
76 99 38
31 81 23
58 60 21
30 7 59
96 33 34
20 15 16
6 91 99
94 87 22
68 57 13
20 56 96
93 92 37
63 43 20
78 78 51
10 27 73
84 45 82
78 98 55
80 91 29
67 90 77
56 74 57
29 58 34
97 41 99
11 19 5
65 41 27
63 80 26
23 42 79
40 9 85
62 73 17
31 99 27
48 47 6
50 47 25
76 29 58
73 49 17
48 98 37
64 11 16
60 7 87
33 87 55
4 71 12
92 70 100
91 38 48
99 44 25
42 24 49
51 36 62
2 15 27
28 95 11
63 72 15
79 99 75
47 43 48
4 83 89
91 30 18
79 44 33
12 17 67
69 34 35
88 49 91
95 56 55
38 73 73
29 51 77
24 16 2
59 5 32
39 60 34
91 36 37
86 54 21
99 55 63
64 95 27
26 54 62
99 39 50
87 97 30
51 84 21
8 89 61
87 37 59
63 4 59
24 81 94
90 40 34
10 85 45
96 35 37
49 33 44
5 95 90
84 34 11
96 77 83
27 25 46
16 28 24
81 70 36
81 70 96
53 30 29
5 86 49
82 94 89
35 20 37
76 17 35
81 88 10
9 85 63
7 35 59
6 70 71
40 56 59
83 37 57
92 51 49
41 56 83
94 47 4
29 98 76
85 2 36
13 55 77
54 81 40
91 25 45
25 94 22
54 17 73
99 92 62
50 20 93
87 85 96
73 31 12
15 15 73
84 50 37
75 86 89
82 86 52
67 15 40
66 25 42
6 84 15
81 31 83
5 5 45
40 11 11
97 49 15
48 4 53
76 25 76
41 62 57
17 54 34
18 61 97
1 6 25
10 12 92
97 18 73
91 2 19
58 33 1
83 60 9
11 31 82
4 8 9
57 38 31
66 16 2
91 48 85
29 81 69
89 9 61
37 98 15
77 57 86
55 9 63
31 15 64
16 97 87
64 74 12
95 26 10
44 18 34
24 20 8
69 67 71
52 93 39
41 31 11
98 91 80
98 13 94
46 69 96
87 8 84
77 99 42
70 88 25
45 61 22
11 74 78
6 59 47
60 44 59
70 44 39
67 73 78
9 31 23
53 52 78
44 40 95
14 32 73
52 65 95
22 100 34
51 16 47
74 97 76
6 72 10
90 84 69
73 61 24
90 32 87
7 52 76
35 11 58
69 61 37
85 82 40
39 11 85
15 65 81
18 70 37
74 46 68
74 11 69
92 7 24
42 46 20
55 38 100
57 26 58
11 35 92
17 68 69
53 76 4
50 80 4
27 7 63
11 51 98
2 54 38
95 42 46
74 29 48
23 97 35
15 14 42
61 49 63
40 42 42
98 31 69
13 23 27
16 30 46
33 31 96
40 68 63
99 95 72
79 40 99
19 85 45
46 67 22
62 45 7
14 11 14
92 15 4
7 71 6
73 57 40
57 9 70
64 9 77
57 5 19
36 38 74
19 13 91
89 6 68
73 82 82
52 88 67
99 65 64
61 6 20
25 56 48
70 27 60
61 89 24
81 17 38
55 41 56
67 87 47
56 21 10
43 28 31
61 1 89
50 47 4
34 45 11
6 35 79
48 74 81
54 74 28
83 74 66
22 45 82
11 90 87
85 60 32
66 71 51
79 18 3
70 82 59
11 9 8
37 51 70
78 15 98
49 43 18
61 22 29
73 72 63
68 31 96
81 37 7
29 52 80
81 26 8
17 20 58
13 70 80
4 41 1
69 79 41
73 94 27
97 87 8
93 69 34
11 57 59
70 39 6
79 65 99
86 91 68
12 6 29
3 62 57
76 56 70
91 64 46
82 39 9
28 98 30
60 56 4
96 39 37
75 17 18
53 55 99
30 75 39
30 94 4
49 65 68
19 68 60
3 31 64
73 86 9
98 93 73
69 79 8
13 8 50
21 77 52
9 94 99
83 73 39
61 61 81
20 22 68
35 80 87
20 17 62
40 98 2
73 84 29
45 50 39
10 8 83
79 96 41
34 39 76
78 90 71
91 26 82
49 39 96
30 72 95
73 76 60
97 6 8
55 33 48
91 66 40
7 45 73
33 33 33
44 5 20
74 93 98
2 7 59
49 18 25
48 84 79
19 54 85
44 4 18
75 18 100
97 13 34
6 76 99
7 87 95
63 87 7
19 78 98
17 21 54
84 9 58
83 98 40
28 49 56
73 70 66
42 53 57
35 15 23
66 77 95
16 45 73
96 28 58
84 76 5
60 89 77
16 76 80
25 40 57
75 48 52
19 84 3
14 23 70
68 79 40
32 22 57
64 23 13
4 34 78
37 32 3
43 90 7
7 86 58
37 86 33
21 63 9
94 64 93
60 21 20
40 7 29
62 24 11
64 24 17
25 48 25
19 93 28
36 43 62
93 80 42
16 20 4
45 7 87
28 19 71
46 5 79
44 2 48
21 24 14
87 16 45
91 54 18
88 27 38
71 33 99
35 24 13
9 57 74
35 72 72
87 10 2
44 53 79
61 96 96
75 22 58
43 74 98
51 4 46
83 76 39
99 44 57
67 92 62
58 35 45
29 60 12
16 7 89
10 43 79
18 38 26
26 92 90
58 38 33
71 60 35
28 82 18
78 90 12
56 4 52
72 5 64
19 51 39
79 37 20
57 69 27
64 55 28
51 67 30
50 86 16
35 79 1
6 69 64
62 6 46
79 83 2
72 81 24
71 54 77
90 28 51
15 3 37
72 49 23
60 30 39
53 79 10
74 64 46
25 82 82
89 2 31
23 34 76
63 19 16
94 4 61
6 2 73
97 12 42
61 10 44
41 62 15
24 47 46
87 33 38
28 96 69
43 93 31
36 86 3
91 72 81
69 4 92
87 4 74
96 29 70
58 43 2
59 79 12
99 34 21
44 86 77
54 22 18
41 91 68
37 85 86
83 90 68
95 46 59
61 72 5
46 36 18
93 44 76
12 59 81
79 98 80
89 42 89
7 66 78
29 95 5
33 80 19
58 98 20
44 70 25
11 15 69
5 26 14
6 77 15
31 86 78
77 44 38
44 65 48
78 68 1
69 36 87
100 12 78
26 64 64
68 6 48
37 74 12
44 30 59
27 30 15
39 43 46
87 25 67
50 46 15
1 28 50
74 96 34
63 32 22
4 31 12
49 42 69
27 58 25
67 81 70
81 89 62
24 96 14
8 39 31
5 13 19
50 26 73
43 40 16
92 3 85
73 37 29
26 14 4
79 43 32
8 55 71
13 26 64
9 81 51
93 7 17
81 77 53
35 40 43
71 32 42
49 1 22
42 79 18
32 69 54
95 73 5
77 11 71
48 22 35
8 55 20
12 47 5
51 91 40
79 56 21
81 57 49
94 16 51
3 17 53
2 19 61
4 94 40
64 13 79
55 34 32
78 30 2
34 44 54
22 73 80
58 84 88
58 27 77
10 38 25
58 33 29
89 74 93
67 37 70
100 14 74
93 98 58
57 5 28
33 77 64
15 51 77
36 86 95
81 9 95
93 15 70
71 19 49
74 57 17
85 22 67
47 48 83
14 52 8
46 35 20
44 62 43
27 27 12
21 99 56
44 16 41
72 35 99
86 100 47
21 45 53
9 38 57
45 5 7
70 90 2
9 33 21
98 57 15
73 11 34
74 4 27
31 37 85
16 69 27
59 55 79
88 87 84
79 77 31
40 19 46
21 29 84
66 7 91
76 36 55
52 76 5
78 31 51
94 91 71
85 27 99
13 94 55
92 26 77
31 94 66
81 39 98
10 96 60
90 84 80
78 40 26
100 15 26
14 38 94
53 86 95
4 89 97
5 97 2
72 4 17
73 76 75
49 89 56
36 2 52
85 54 58
61 97 40
99 87 17
84 6 20
88 60 24
17 31 26
24 3 9
58 95 40
96 64 24
76 2 45
58 43 56
6 90 93
65 30 56
82 67 67
74 35 84
89 82 76
76 34 34
33 87 96
29 48 76
12 53 66
19 24 39
95 98 30
99 15 57
12 71 6
55 33 81
96 99 74
3 91 63
8 48 82
50 76 31
17 92 86
42 85 31
60 82 96
1 38 52
24 7 10
45 60 98
17 100 19
74 67 46
24 14 34
47 31 49
89 81 23
95 95 88
26 68 68
87 82 98
87 61 91
78 11 33
44 77 41
20 67 63
41 94 59
76 89 6
82 89 41
13 91 15
30 32 7
83 73 77
57 84 75
77 95 7
97 74 26
91 44 17
11 41 28
77 46 31
13 9 10
95 97 5
92 61 23
59 73 11
78 99 52
63 71 19
1 12 77
100 95 83
39 70 74
100 69 77
75 46 85
65 7 60
60 85 45
94 75 81
71 39 60
58 17 67
19 80 35
81 77 83
69 48 22
100 66 63
90 80 98
73 54 91
58 33 12
6 65 7
44 11 47
59 71 39
35 49 73
40 10 16
69 18 49
98 60 63
82 32 19
37 25 18
62 8 61
86 27 81
99 39 24
6 21 49
4 96 8
17 98 66
78 99 46
33 78 48
81 19 40
83 58 28
17 11 72
49 83 17
26 72 5
37 28 58
97 92 55
70 87 2
59 99 86
72 53 99
32 36 37
39 43 57
77 91 66
45 27 78
65 3 30
78 18 49
15 29 72
28 13 6
30 36 29
96 25 88
57 28 53
56 8 79
80 9 54
80 39 30
42 51 45
85 24 47
72 92 91
72 11 21
27 72 55
55 95 11
42 94 47
13 34 56
12 9 44
88 42 26
43 31 92
91 63 45
81 1 69
57 75 69
57 53 6
97 7 38
1 77 100
62 44 92
78 66 93
44 15 93
19 72 9
46 40 65
10 63 50
6 76 93
81 19 16
49 71 100
94 10 2
82 63 10
38 95 99
73 39 3
22 24 14
14 74 26
19 58 43
81 45 62
17 33 46
68 62 55
26 24 1
62 46 76
46 5 41
87 97 15
50 79 71
85 58 68
20 70 66
45 91 17
83 94 67
99 64 81
17 72 85
42 94 34
54 86 40
22 20 26
41 95 12
95 57 100
39 9 94
19 71 76
62 17 77
46 10 11
8 63 100
89 17 94
14 24 75
30 22 38
4 20 76
93 21 17
50 47 37
12 23 37
52 18 16
24 33 68
65 13 66
34 30 60
77 3 86
43 88 92
75 17 86
30 9 13
10 77 86
40 6 1
57 29 21
26 42 38
2 92 78
37 2 100
82 21 91
88 97 25
49 19 6
48 14 54
22 3 75
31 58 58
98 10 28
27 78 91
2 100 38
73 91 20
9 34 68
46 58 34
26 48 1
88 82 4
38 100 13
63 51 97
78 34 25
99 37 47
35 74 3
8 17 85
97 88 65
2 1 74
61 1 88
60 11 90
58 90 83
26 78 77
27 43 52
43 23 77
57 98 75
88 18 45
20 86 55
72 15 26
24 72 38
61 71 40
35 10 52
69 19 25
73 83 70
72 46 73
87 1 79
59 52 22
77 32 91
80 67 40
76 83 85
4 49 42
65 9 37
14 27 98
53 15 39
82 82 7
60 96 13
70 36 58
69 60 50
65 56 70
91 72 74
12 57 96
87 99 14
34 59 24
33 100 66
95 28 80
72 9 66
20 49 68
31 4 32
31 23 21
27 5 67
49 71 39
79 91 16
11 41 50
79 97 48
49 20 23
16 55 45
61 100 61
70 37 6
16 50 70
21 85 84
87 31 76
22 82 73
84 28 3
79 60 24
66 78 73
2 33 64
20 14 48
94 92 92
61 20 1
69 84 20
62 44 50
30 93 56
21 74 42
75 73 33
88 87 61
89 67 97
95 54 23
79 59 2
1 95 16
21 72 83
22 50 100
22 82 34
48 51 27
77 62 8
49 95 31
21 73 26
45 31 36
76 100 21
99 27 29
58 62 12
51 86 58
1 29 86
49 100 88
86 28 87
50 61 63
5 7 90
44 31 58
99 33 47
51 9 1
46 5 24
1 67 23
38 3 99
75 50 64
43 73 53
81 1 28
13 61 7
2 52 41
38 37 12
95 48 89
55 87 5
66 70 90
68 86 18
55 7 96
53 35 73
95 49 63
46 71 90
32 73 8
38 10 83
16 31 96
10 95 21
9 22 37
100 15 10
49 76 61
93 31 23
44 83 44
37 76 28
27 6 14
91 64 12
56 84 14
17 12 24
49 51 19
38 87 5
25 40 68
46 100 83
98 30 16
21 5 21
67 64 97
22 40 15
83 50 64
19 31 37
56 6 72
59 3 84
34 88 11
41 61 4
98 64 16
56 7 66
9 65 94
82 76 72
58 5 9
17 57 52
79 33 2
56 39 12
80 49 78
9 5 70
89 29 25
78 94 28
11 72 94
92 60 15
8 19 63
92 68 55
46 39 62
44 50 53
78 76 27
51 74 33
27 72 53
50 46 58
56 68 22
89 59 6
25 18 55
30 63 23
89 45 8
27 84 58
79 79 32
7 99 56
90 21 96
52 82 63
90 78 37
93 79 30
88 62 89
67 50 90
99 90 37
28 42 27
46 93 46
13 58 100
97 15 44
12 57 19
66 14 83
51 84 1
81 86 94
55 11 59
70 79 47
47 59 5
7 87 69
7 90 51
3 24 62
69 93 46
45 88 60
39 48 13
94 92 75
35 83 65
45 60 99
27 52 58
54 62 92
67 78 100
75 15 58
86 66 91
26 90 11
31 43 17
65 43 74
34 10 4
73 9 98
80 91 66
11 86 13
3 26 98
23 81 92
90 39 12
25 63 31
93 36 83
53 9 4
62 76 92
100 20 88
29 67 25
60 67 20
12 85 56
14 5 52
97 22 69
83 8 31
35 43 3
44 45 17
49 6 18
19 23 66
33 81 46
62 70 2
90 18 64
53 67 18
1 83 86
39 86 66
99 22 12
20 89 15
37 1 73
91 22 22
16 54 83
65 21 68
43 75 27
16 57 71
30 93 43
57 38 66
56 20 94
67 39 13
32 36 44
74 9 41
59 82 27
65 33 43
12 78 69
82 98 17
20 67 87
1 65 70
95 32 51
60 39 7
44 96 18
1 25 3
81 36 37
82 22 20
48 75 14
8 30 34
84 7 18
90 86 96
95 100 22
52 2 8
20 61 35
2 3 13
80 16 31
18 54 34
57 4 10
23 53 26
68 59 76
98 78 95
31 50 9
87 59 26
72 17 85
94 25 50
69 40 1
19 77 97
89 14 30
29 96 16
86 48 38
7 100 34
28 41 46
82 3 97
47 55 36
68 15 54
98 82 19
88 90 4
30 82 39
52 98 74
82 97 91
31 32 61
42 27 63
71 43 31
58 29 51
25 42 90
71 90 18
20 88 83
59 54 83
49 36 75
8 2 64
99 32 17
48 36 71
76 38 58
85 17 20
36 74 60
14 17 35
39 63 8
97 25 31
39 6 68
85 48 18
56 9 61
29 22 48
2 41 56
97 27 21
43 1 35
68 21 36
64 3 81
96 97 54
65 76 42
18 98 36
23 77 62
71 94 84
81 90 43
47 90 49
94 42 15
33 19 69
33 13 23
15 22 72
88 29 36
70 44 78
17 54 26
91 30 24
51 28 26
9 56 15
64 20 12
23 40 66
93 54 84
84 85 75
90 73 10
95 36 52
4 84 39
16 63 55
12 84 59
81 62 18
12 27 83
24 51 66
21 5 17
92 57 4
26 96 67
14 11 38
19 60 91
29 46 46
57 39 55
82 82 90
53 87 75
71 79 12
17 34 21
25 14 40
42 3 79
74 71 74
61 67 29
97 72 43
15 47 73
92 25 55
5 99 29
93 16 54
90 48 60
80 42 70
68 58 76
68 21 4
38 16 17
9 47 89
9 11 72
57 77 1
20 55 23
34 42 89
73 27 24
100 88 76
40 85 38
22 59 75
56 37 75
18 59 77
88 73 95
54 75 56
33 89 95
97 2 73
29 98 40
46 52 66
72 57 54
26 90 52
1 79 56
25 45 69
69 50 59
9 53 41
100 76 13
7 88 87
17 77 8
58 64 65
36 66 90
67 29 100
78 14 43
25 95 19
35 34 52
58 74 17
67 63 21
40 56 64
85 8 5
44 34 84
57 84 74
81 12 2
4 48 73
37 62 97
84 91 6
46 30 48
76 23 57
71 70 42
81 93 100
10 96 73
54 22 61
77 1 6
22 70 36
56 60 82
76 73 81
93 37 59
81 46 31
18 89 42
59 100 37
23 51 38
89 40 75
58 56 78
81 26 47
81 9 54
50 95 45
76 89 5
16 59 93
17 54 27
85 31 63
58 34 14
45 39 13
66 79 86
45 39 81
10 90 66
9 48 71
16 79 76
62 25 73
7 71 34
73 15 70
44 68 77
57 47 81
23 22 15
55 8 38
76 8 82
67 10 42
75 6 77
49 91 50
73 61 70
81 63 86
18 45 9
98 22 77
24 76 71
92 21 50
24 83 65
91 68 1
96 97 22
81 89 10
97 80 95
59 73 55
23 99 74
50 38 9
68 66 91
80 27 31
42 24 79
60 70 94
79 38 3
9 68 36
98 12 100
7 57 33
96 39 93
80 95 60
80 75 14
27 62 63
40 66 87
20 79 54
66 42 24
10 54 37
63 53 28
33 68 87
83 6 11
90 17 13
45 94 14
16 50 46
96 84 93
83 29 33
71 5 37
78 43 59
48 33 18
10 31 96
80 75 30
53 89 75
34 98 44
49 93 6
75 27 24
6 41 100
62 82 24
44 20 76
34 45 36
71 41 45
71 6 35
1 80 4
35 36 6
40 79 5
43 53 55
75 14 41
68 91 50
13 68 59
20 10 78
77 90 41
65 55 79
9 89 79
28 10 89
45 96 6
31 62 53
18 59 57
62 70 11
85 61 19
20 60 62
38 74 36
90 59 60
83 96 79
68 81 30
41 29 3
51 98 66
41 3 31
12 26 32
5 32 49
94 58 8
87 87 34
13 58 88
34 74 20
21 80 65
36 51 61
18 89 42
23 50 72
57 10 29
42 57 46
79 50 92
65 88 19
71 7 82
59 79 1
90 33 40
16 8 35
28 44 7
30 90 49
12 71 23
92 80 63
60 54 100
4 93 74
32 96 14
83 68 61
68 64 5
60 19 9
11 56 72
36 77 72
76 69 37
48 28 15
70 82 98
7 15 29
69 38 37
89 78 16
68 53 63
100 21 96
69 100 13
47 4 20
74 43 95
93 97 47
21 83 43
38 65 44
8 14 5
66 63 37
17 78 83
37 73 70
87 70 52
78 50 95
20 41 88
78 88 36
5 13 22
62 12 60
31 19 17
16 99 55
71 25 59
26 18 29
13 17 34
11 14 1
44 72 97
63 27 96
76 36 29
81 62 28
57 82 95
28 2 78
21 36 98
45 73 25
60 100 94
10 97 78
8 54 19
90 68 82
86 89 70
24 49 16
42 81 41
63 10 14
55 24 58
28 45 82
80 72 51
46 98 13
6 83 63
92 59 47
13 14 4
95 47 77
2 91 1
22 12 25
44 18 81
19 25 5
50 11 97
55 17 63
7 81 74
90 29 21
50 8 1
62 17 57
73 90 98
71 95 16
39 10 30
86 54 48
5 34 75
89 25 82
99 48 2
71 65 92
11 13 94
51 69 87
67 40 6
90 93 32
13 2 37
53 52 51
7 68 39
79 56 25
95 59 38
89 62 68
61 59 92
7 22 63
68 69 18
46 4 79
96 11 39
97 36 80
14 3 87
64 91 98
90 81 40
76 73 78
34 10 9
42 91 74
80 49 73
12 46 69
41 43 14
36 44 29
22 20 94
97 43 70
64 82 68
40 80 32
87 53 66
38 48 70
16 29 23
75 75 83
98 4 26
85 35 87
48 99 53
82 49 36
89 92 42
21 80 86
66 46 21
78 52 77
100 93 21
98 61 42
69 30 70
51 54 95
51 74 12
20 73 42
4 80 29
58 34 13
99 27 94
1 5 67
81 48 87
97 26 22
84 72 23
60 86 48
16 1 100
98 40 77
95 57 13
50 17 72
83 51 97
30 84 9
34 90 100
22 5 70
40 52 78
99 71 5
76 36 58
3 78 42
97 70 3
79 42 31
10 71 49
57 43 54
50 28 93
21 37 22
22 56 32
6 17 33
93 88 83
10 20 87
78 51 89
25 76 25
65 84 29
69 58 23
86 91 39
29 70 38
28 97 6
96 54 67
77 79 25
50 16 77
28 8 47
68 63 43
36 70 41
51 50 21
16 17 67
4 71 63
15 69 7
32 81 58
6 37 17
23 73 48
9 73 42
61 74 22
41 91 65
13 92 28
93 82 65
87 95 47
5 99 54
23 10 94
18 40 40
99 40 100
38 31 33
81 52 84
53 32 23
35 7 77
57 29 8
78 52 19
45 51 81
14 53 45
79 48 85
82 95 74
56 32 35
1 37 11
91 47 62
12 99 25
45 16 43
11 18 81
19 84 2
84 67 21
55 37 94
71 3 60
33 100 79
22 92 65
46 55 76
10 12 6
51 64 1
66 89 67
67 71 19
76 32 4
59 56 100
55 94 84
6 9 71
2 42 13
42 74 1
48 47 39
97 99 67
84 26 4
65 90 3
36 34 55
64 24 42
7 76 45
17 21 59
75 40 85
92 46 83
91 13 13
24 6 13
35 79 70
95 60 20
3 98 22
36 31 41
98 43 31
91 13 43
72 91 96
42 38 1
72 71 58
37 69 82
86 10 3
60 56 27
36 40 36
18 99 61
73 77 71
16 78 27
98 87 18
30 35 2
56 52 24
62 100 4
52 72 41
82 46 8
20 54 36
82 27 28
17 16 28
65 27 1
11 73 66
67 33 60
39 5 13
69 95 60
75 91 30
70 12 14
73 48 53
3 31 48
60 80 12
21 5 44
21 17 97
58 61 91
24 8 50
10 8 33
60 20 99
56 17 85
6 51 9
2 81 96
76 93 18
68 74 34
24 47 96
10 59 87
62 60 20
13 87 86
14 60 12
73 100 24
30 36 95
32 19 63
89 74 74
66 17 34
32 94 36
97 20 3
80 59 64
49 27 90
17 7 97
21 75 12
95 46 93
67 54 66
36 53 9
85 57 26
63 25 55
2 41 11
58 38 26
44 29 54
48 23 86
83 94 21
78 7 87
12 48 91
66 36 19
13 18 79
29 82 4
40 65 97
21 74 96
34 32 93
70 50 63
42 4 68
3 27 83
35 55 40
50 31 9
49 7 88
79 79 42
63 24 66
58 3 95
96 5 69
51 96 37
90 23 31
40 13 97
77 10 51
80 29 87
70 31 15
12 78 75
25 13 35
28 95 88
47 29 16
23 4 28
61 41 97
14 31 96
61 99 23
45 48 36
54 96 77
96 42 67
50 96 90
32 96 39
81 38 10
91 28 56
26 18 41
60 15 42
20 73 93
10 79 21
24 52 1
82 59 65
89 41 89
92 43 73
95 90 14
70 28 89
84 47 73
12 43 12
35 72 56
81 43 35
93 54 69
3 44 33
97 42 5
36 16 4
37 66 89
10 26 40
32 76 70
40 40 48
6 64 5
25 49 33
98 63 5
57 22 28
83 19 28
86 72 70
32 4 23
21 91 17
83 54 8
89 28 65
69 90 6
27 18 10
39 25 26
61 50 53
70 91 12
69 60 21
66 33 48
23 66 40
16 87 69
52 35 83
92 53 15
18 75 61
48 65 21
13 14 83
13 72 89
29 77 8
98 77 79
2 59 82
4 10 10
39 57 95
17 78 53
7 51 42
10 77 89
61 5 18
37 60 36
84 19 36
7 45 64
89 56 34
5 75 49
14 77 19
90 35 29
91 92 31
55 30 28
86 26 33
30 1 8
58 33 51
2 56 86
94 57 89
50 100 70
95 78 78
51 52 38
32 80 19
68 42 42
84 79 87
85 22 98
89 50 14
20 27 26
80 71 52
66 46 84
70 83 13
3 74 91
14 18 84
32 96 38
69 68 74
79 52 1
5 4 57
29 84 52
32 18 96
34 47 72
23 29 89
71 73 80
60 79 86
90 34 72
14 86 84
72 57 21
78 61 80
81 69 92
37 88 9
48 5 17
95 20 63
86 95 43
33 84 58
33 86 16
83 74 92
38 4 38
74 91 12
51 99 89
76 45 6
4 16 47
68 41 97
33 45 78
39 66 77
74 62 60
45 9 53
74 31 90
59 91 28
56 80 41
30 19 34
37 28 28
50 75 48
56 45 23
97 5 19
4 75 32
59 59 48
83 9 100
88 88 14
13 17 75
78 16 85
46 66 94
77 89 43
39 89 10
27 2 17
76 41 92
82 74 59
51 5 28
82 74 56
73 31 96
58 35 6
53 4 13
35 86 89
70 11 80
94 4 33
35 57 91
69 11 88
85 49 21
82 38 95
26 89 4
21 92 17
22 99 82
85 52 82
33 37 32
71 67 13
85 20 86
14 54 6
89 13 100
20 76 74
99 93 6
93 67 28
43 31 3
55 48 65
15 92 10
33 59 38
79 83 84
14 7 36
51 28 38
92 54 57
66 6 98
80 48 13
42 45 57
12 19 77
21 25 48
70 71 36
67 84 72
67 29 33
33 76 19
9 7 8
20 56 73
44 6 18
43 65 71
47 8 32
18 55 4
93 11 88
48 77 88
71 19 76
43 30 23
28 84 92
6 92 64
54 1 31
99 2 22
30 20 66
14 57 25
32 100 19
50 83 89
61 17 51
8 95 6
24 100 30
37 19 24
23 40 73
36 100 16
32 36 99
2 17 22
59 82 51
39 56 46
86 92 88
1 37 86
37 39 9
47 22 66
22 36 26
59 69 59
78 90 50
83 49 88
77 30 6
34 27 99
50 82 69
12 48 20
88 89 75
33 97 25
49 98 19
93 22 2
42 9 58
36 46 64
59 25 38
58 57 73
36 36 9
2 86 51
100 73 81
75 12 27
46 80 10
12 51 65
100 68 53
12 44 79
50 50 46
68 87 99
37 10 21
78 5 3
100 47 18
5 1 57
17 1 39
21 12 1
46 16 14
43 25 12
84 77 16
16 73 99
18 62 82
74 3 52
23 39 30
1 25 31
15 77 99
83 24 20
78 16 67
79 81 93
100 26 14
2 87 23
75 48 27
34 19 85
98 42 17
16 88 19
32 66 23
76 23 77
69 9 43
83 49 96
77 53 34
38 15 90
96 51 50
22 70 18
48 55 22
90 30 37
14 60 91
63 39 44
63 58 11
57 63 32
93 51 25
52 17 88
80 90 15
44 69 98
99 1 5
78 96 73
8 77 58
81 94 50
47 25 88
13 26 56
80 18 78
64 80 89
24 11 19
58 100 36
49 57 83
26 54 31
100 53 22
81 23 41
43 82 5
45 19 13
40 69 39
64 48 50
13 63 49
55 16 22
49 82 16
57 75 70
1 27 13
17 3 66
76 57 35
15 28 91
57 85 30
70 1 28
95 3 64
29 14 30
75 68 25
76 32 65
13 43 52
60 28 38
52 86 59
50 72 20
27 13 7
8 57 80
92 89 60
33 13 79
18 71 54
53 63 64
30 69 75
88 31 14
72 43 2
54 41 59
29 88 24
71 80 87
34 49 69
9 95 70
16 11 48
11 66 41
60 77 16
31 85 66
40 64 63
92 53 95
38 67 6
65 78 74
19 90 70
63 25 46
81 91 72
93 54 80
2 94 83
16 29 25
89 60 39
62 3 89
21 55 63
83 33 88
25 5 22
35 24 45
97 91 87
8 56 81
64 79 7
36 4 70
59 59 58
17 30 72
95 46 98
13 26 89
35 6 42
11 54 35
44 35 6
54 31 6
69 33 19
2 54 9
29 60 78
37 40 32
67 21 7
94 52 26
92 88 55
91 66 39
53 71 89
85 15 71
91 27 84
62 65 4
60 17 29
84 34 29
24 71 83
18 74 59
95 70 26
43 81 57
8 75 58
11 43 56
96 48 25
85 67 69
93 2 60
30 70 64
32 87 36
4 25 28
1 94 8
19 81 39
83 11 62
99 24 65
66 25 38
95 95 87
56 20 45
3 26 70
41 29 38
35 6 56
18 92 100
14 77 77
82 71 66
24 41 77
99 63 57
33 7 95
65 57 79
36 92 5
40 98 83
60 32 3
79 22 11
78 49 67
5 45 89
37 67 14
89 12 50
2 2 99
39 83 9
6 8 100
65 18 24
75 41 23
72 66 92
23 16 41
81 61 26
16 83 62
76 67 86
16 85 11
29 75 85
2 32 39
45 73 67
29 53 21
91 47 21
1 29 32
76 37 13
89 68 46
13 11 14
49 85 69
27 7 47
54 33 75
94 61 84
13 30 86
34 49 41
82 58 20
2 84 63
34 39 92
49 60 85
60 33 17
83 63 84
19 27 73
37 24 75
83 19 82
4 96 87
78 73 90
12 34 10
52 15 13
66 48 31
49 35 88
63 20 74
55 19 64
26 59 93
35 29 20
3 86 53
92 41 59
43 43 84
62 6 66
21 88 76
91 64 24
42 98 7
40 68 82
38 45 17
13 27 64
64 76 77
77 11 47
86 33 42
66 19 62
91 51 44
87 95 89
11 79 63
39 13 38
23 22 61
42 76 97
83 21 90
88 29 9
90 62 72
16 46 36
89 33 78
18 98 22
76 37 32
69 35 12
5 14 19
12 91 9
22 72 7
76 85 6
8 20 43
57 59 96
28 91 99
17 22 65
6 81 42
37 36 11
49 38 84
89 47 95
57 81 2
85 3 12
67 6 84
10 26 9
86 36 76
5 96 26
14 88 7
38 55 95
71 32 45
40 23 61
16 17 7
91 43 25
96 27 69
6 94 91
7 64 26
55 47 38
33 92 88
62 98 71
40 92 20
16 3 65
85 37 89
61 43 80
68 94 23
48 94 41
27 97 51
91 83 100
10 72 94
70 61 85
1 96 93
38 53 73
88 91 67
82 68 91
38 55 95
10 31 98
13 69 4
2 8 82
37 7 25
87 47 73
74 78 22
89 14 77
72 46 41
69 8 39
51 7 5
68 80 46
85 59 12
16 38 16
63 45 52
89 21 33
45 39 10
69 85 57
17 65 1
11 86 63
6 64 15
30 2 98
44 68 96
79 7 4
30 41 25
23 24 68
1 87 64
60 15 15
55 28 13
6 70 12
86 37 18
13 58 74
2 79 61
82 2 13
66 49 95
55 26 98
76 73 10
50 86 99
15 43 14
38 28 38
55 20 18
33 12 39
53 84 28
78 79 53
39 3 44
47 98 56
60 91 8
65 30 99
65 18 23
34 60 89
92 41 18
100 39 71
39 5 35
92 41 73
71 17 54
57 85 81
16 2 44
76 39 41
3 15 44
77 3 24
76 60 26
64 31 13
100 28 35
27 7 52
95 93 72
87 45 47
7 50 54
29 94 63
73 73 90
1 15 90
13 49 53
42 33 58
45 89 33
22 67 81
69 33 57
55 31 69
78 11 81
49 42 67
68 6 48
79 60 10
68 42 70
98 58 1
10 12 93
57 72 22
40 67 86
20 48 99
34 68 44
95 1 96
83 15 66
7 46 56
12 75 10
96 80 77
62 75 78
18 100 63
8 62 48
13 18 93
41 11 70
22 2 23
57 2 84
36 84 43
76 9 97
26 31 99
22 88 44
53 88 97
7 85 33
91 36 30
79 15 37
33 4 77
83 25 80
1 8 52
72 66 63
77 17 72
59 95 21
55 27 21
72 49 19
7 10 2
73 85 46
69 82 43
30 62 97
40 87 73
49 50 35
1 88 30
35 97 70
84 39 69
4 26 87
72 10 10
6 1 83
30 69 4
62 13 80
94 100 88
44 28 77
6 60 21
31 55 64
15 22 83
8 13 60
56 5 87
33 78 63
46 10 67
96 99 39
12 75 96
72 88 79
99 82 93
7 58 96
38 86 78
85 19 26
80 30 97
87 40 26
91 95 33
16 75 82
46 91 65
61 62 53
34 58 1
2 51 6
62 74 28
30 48 30
52 19 1
99 90 80
26 78 97
43 9 94
56 16 81
60 27 89
48 51 27
65 45 51
53 60 10
48 37 21
7 30 98
71 22 24
89 48 41
20 67 71
96 29 91
9 3 17
11 3 63
87 89 100
1 100 63
36 46 32
40 94 72
78 15 4
61 52 78
6 16 5
73 87 80
26 55 74
59 20 57
61 96 5
76 100 97
31 36 38
28 62 54
93 2 19
22 77 4
17 22 52
70 32 99
55 8 61
37 3 88
67 42 46
53 44 18
49 68 88
16 5 95
61 52 5
92 90 37
76 48 55
42 52 60
12 7 36
96 50 63
35 79 86
18 20 48
76 74 82
10 83 75
84 79 72
55 36 38
11 45 71
39 83 84
80 88 60
32 40 88
50 79 31
89 89 35
79 24 62
35 75 88
29 33 50
18 49 28
3 60 87
70 17 81
46 18 74
75 87 32
41 67 20
1 20 91
4 67 95
8 89 52
72 58 14
89 61 47
64 61 47
86 82 16
38 15 45
41 38 1
16 21 35
67 2 74
53 45 5
51 49 72
68 51 7
9 67 35
32 98 58
38 48 71
17 79 99
4 37 18
44 18 39
28 11 69
30 38 30
39 24 4
2 87 18
31 78 87
25 43 80
37 22 51
100 53 88
44 23 99
50 29 43
65 7 16
71 29 49
14 18 94
76 48 75
63 8 8
77 95 1
94 16 73
47 14 69
69 13 82
94 79 31
82 7 22
28 40 18
90 40 80
4 95 28
91 26 58
10 36 45
72 78 42
72 46 40
98 13 47
85 28 21
31 88 66
67 10 7
20 47 69
31 27 55
5 10 43
91 94 38
71 5 48
45 29 81
7 10 76
16 91 55
63 89 76
61 8 20
23 28 65
44 45 59
84 56 62
26 81 35
45 16 15
28 45 96
53 43 98
61 86 85
89 22 72
34 31 26
14 63 49
77 72 86
72 65 42
68 12 76
61 33 24
42 65 19
45 12 19
27 10 37
29 100 13
7 51 83
24 37 94
86 29 97
51 37 51
54 57 93
77 10 22
87 40 4
82 8 7
73 40 59
78 53 75
72 23 31
40 38 53
70 52 40
47 90 92
8 47 33
24 42 56
26 69 38
36 94 87
42 17 36
55 17 12
6 93 29
18 56 22
58 15 16
97 54 98
24 88 17
68 50 43
45 35 20
64 6 5
43 23 72
48 53 22
73 53 92
21 53 37
81 31 78
70 33 66
63 22 49
100 25 37
40 14 73
49 87 17
56 13 84
10 72 29
10 1 96
92 78 59
8 7 33
26 51 43
9 49 57
87 80 62
40 49 25
92 28 68
3 24 57
67 60 23
13 41 44
80 84 32
98 79 36
38 3 30
91 100 14
87 80 85
92 40 78
96 79 2
32 36 25
49 95 69
38 21 37
41 85 33
92 67 26
43 78 99
36 89 78
86 64 68
18 86 95
89 99 43
89 73 4
76 58 84
87 14 61
41 38 63
24 32 32
32 29 60
27 14 27
72 90 59
72 34 96
27 39 90
77 99 77
66 85 96
53 100 21
84 72 37
4 63 22
41 81 11
69 21 98
71 95 79
98 73 44
12 77 19
90 6 21
25 69 33
58 14 67
14 59 98
42 53 48
66 60 16
21 79 96
94 35 96
88 65 51
9 28 95
52 24 77
29 99 56
19 56 23
77 40 65
73 75 89
67 53 51
95 27 56
36 95 95
16 2 26
32 23 30
37 39 21
73 94 8
76 80 85
78 60 50
77 99 97
89 19 82
67 23 79
93 60 14
23 55 50
51 6 12
47 67 41
49 10 33
48 83 65
55 38 6
33 10 57
3 17 6
87 71 59
19 14 52
89 88 67
23 71 30
59 50 22
19 21 18
22 79 84
84 68 63
37 74 70
36 47 48
55 86 93
62 68 15
7 23 42
96 21 29
54 41 2
21 57 34
39 70 18
82 97 53
100 42 37
25 78 27
22 34 75
72 7 63
4 75 32
92 45 89
7 43 2
77 8 10
20 68 81
33 30 88
49 3 39
69 44 79
68 100 41
27 84 72
46 70 89
97 7 40
4 47 3
68 47 27
72 24 45
82 98 56
94 68 6
29 98 68
24 68 20
64 62 78
36 98 56
87 70 22
3 82 60
34 43 49
53 12 97
21 20 34
50 31 33
12 94 75
71 7 1
62 36 13
21 41 9
6 74 47
77 13 82
36 80 80
65 59 21
70 49 29
32 29 98
42 69 76
10 72 40
18 68 2
16 24 28
85 33 27
39 63 92
74 17 19
87 43 70
60 23 33
46 20 72
96 82 77
31 73 73
63 43 47
82 71 57
12 85 2
7 92 11
25 6 55
26 36 3
64 84 99
31 25 30
92 65 83
84 10 49
12 99 47
81 72 73
42 82 92
42 74 88
33 39 81
84 28 4
5 70 70
29 37 96
5 14 11
75 59 37
94 34 84
96 74 80
24 19 6
100 29 55
18 42 16
92 70 63
31 57 4
8 100 44
53 65 47
28 99 73
93 16 17
65 24 31
56 13 71
17 47 7
79 21 70
96 67 20
57 96 74
80 22 10
41 71 30
24 95 22
17 23 66
54 25 40
25 90 30
10 85 83
100 58 82
39 12 4
39 67 11
61 92 15
80 38 42
18 52 10
93 78 80
64 66 82
48 14 73
35 78 75
32 68 51
38 22 7
39 10 62
43 66 18
61 33 87
27 16 17
41 78 47
10 21 75
21 23 77
27 84 49
62 38 99
57 59 87
5 32 67
41 90 40
21 33 43
37 3 77
74 22 84
44 59 23
86 82 38
7 68 86
74 23 88
73 47 60
1 95 52
62 10 35
85 2 44
65 25 32
46 81 2
22 95 63
74 61 57
9 10 17
69 38 47
29 43 69
97 69 50
31 98 58
74 31 49
20 4 96
78 66 17
61 90 79
84 78 62
25 1 94
85 7 22
57 76 94
48 32 95
74 14 50
22 81 38
27 22 6
38 41 69
41 49 86
33 34 49
64 20 84
82 26 48
47 3 28
38 69 34
64 47 74
30 82 8
7 60 60
72 83 13
14 40 32
16 9 92
6 11 24
46 12 32
43 59 71
57 15 28
21 84 45
96 68 39
62 48 20
35 12 58
80 48 31
65 35 54
65 24 43
85 93 69
3 68 85
29 72 91
36 97 89
42 22 98
72 79 47
6 70 11
47 9 51
19 19 68
25 12 80
45 12 12
78 98 98
72 81 18
96 51 71
3 98 87
59 22 67
31 48 94
68 95 51
4 20 36
86 84 13
4 26 65
3 47 50
3 96 54
36 43 67
3 77 2
100 85 81
7 51 57
24 60 49
42 65 29
78 56 82
78 69 90
39 59 89
37 51 94
43 21 96
34 93 43
91 45 44
95 96 49
52 72 85
35 81 27
66 54 46
3 95 100
53 77 6
78 96 90
20 37 12
95 3 38
8 20 64
29 76 93
8 68 96
42 16 9
40 37 44
4 40 19
66 25 52
76 28 11
62 49 69
12 58 64
93 10 77
39 42 78
41 2 74
41 15 19
81 57 70
36 66 97
8 65 76
4 88 73
94 32 87
100 75 24
89 72 32
26 82 24
44 49 26
33 27 74
16 57 46
89 68 52
87 51 28
22 5 26
61 57 92
68 73 97
47 28 55
9 99 66
84 10 2
45 96 68
59 98 32
54 34 26
16 5 59
92 64 96
58 87 10
76 24 70
59 15 88
88 75 10
3 12 90
11 54 56
89 25 69
13 97 89
68 44 31
95 47 43
9 42 53
7 9 1
42 9 49
23 70 32
56 28 26
61 83 93
18 72 33
87 33 49
74 72 99
17 11 70
86 18 72
100 30 2
80 6 30
34 31 77
1 85 45
94 98 96
45 15 64
82 17 75
70 1 31
60 40 72
83 69 3
97 12 11
72 74 42
82 70 90
23 89 72
15 59 21
71 8 11
54 40 89
80 34 3
93 76 75
57 89 32
84 43 40
28 43 86
88 95 21
15 35 83
57 96 42
56 84 34
50 23 47
79 98 59
81 38 93
11 13 50
4 62 46
55 64 78
93 47 10
28 54 73
1 77 5
28 93 11
60 71 12
46 73 89
42 64 12
67 41 55
74 78 77
20 13 22
13 27 92
62 70 35
26 29 48
40 16 32
92 26 50
33 52 67
80 41 2
37 19 57
5 72 84
8 65 90
35 86 26
50 47 100
32 68 83
10 81 1
97 54 61
64 7 83
21 60 70
70 96 68
25 75 5
62 42 77
55 94 76
25 12 51
88 78 47
21 96 59
41 43 23
78 62 41
98 20 66
64 96 6
34 39 96
11 95 85
62 76 51
49 91 98
75 8 46
67 15 29
21 15 71
47 63 44
54 31 89
58 66 41
36 53 76
91 61 63
79 25 21
66 44 82
29 60 2
7 47 44
42 93 49
100 97 41
2 65 22
48 41 19
23 11 57
20 90 23
28 93 51
22 38 42
87 16 5
72 10 94
11 79 74
83 39 28
19 56 44
14 55 80
89 81 59
34 65 46
46 44 21
42 85 37
86 8 59
66 78 41
37 86 16
19 39 45
99 79 6
72 4 10
35 97 85
12 34 81
31 60 14
32 8 70
12 52 31
28 9 52
54 59 29
62 27 66
60 86 29
10 13 12
31 86 86
54 40 52
92 58 82
61 100 57
3 17 71
85 63 97
57 7 43
60 21 87
79 68 30
63 34 20
52 55 44
20 78 46
40 11 1
58 20 26
5 11 51
58 43 6
90 59 19
100 97 40
35 62 85
88 80 47
22 54 4
22 97 78
48 59 45
60 92 23
47 8 99
14 43 18
11 83 78
62 7 11
63 28 74
43 98 68
68 51 71
12 20 90
52 21 62
1 75 48
2 5 15
45 21 92
3 67 37
8 22 68
59 18 5
47 28 44
54 38 78
58 97 83
40 44 90
61 67 11
17 18 90
77 2 20
10 34 72
16 21 10
84 71 47
45 7 74
12 91 43
8 50 17
76 99 45
4 65 100
59 64 33
46 36 20
90 89 10
4 9 17
67 62 74
99 46 43
44 58 6
15 71 48
100 39 50
63 46 57
68 41 27
82 12 67
100 100 98
15 15 98
1 16 61
86 44 59
10 77 33
29 79 86
90 54 7
44 89 13
1 11 60
88 63 82
26 69 61
77 82 84
19 57 39
51 66 6
85 69 58
44 88 47
61 26 63
44 28 55
42 62 94
38 78 3
1 86 14
45 75 9
71 90 41
40 58 51
29 52 52
91 21 74
35 7 95
63 24 44
21 85 2
52 80 58
6 95 44
93 19 42
6 10 68
28 51 95
49 96 96
66 68 78
10 78 41
88 12 24
29 5 88
25 70 69
13 14 22
77 45 15
48 70 17
22 7 63
11 3 41
36 97 24
82 74 9
90 41 63
65 98 81
23 53 74
34 100 13
13 24 57
34 37 78
13 14 41
83 44 9
11 51 73
62 52 39
70 6 28
46 40 35
100 51 31
78 72 40
90 70 82
54 2 58
76 74 14
100 26 67
34 13 76
90 57 97
71 98 15
36 79 1
68 47 73
42 5 94
79 61 73
32 18 14
59 22 72
78 16 86
14 13 80
85 8 27
13 84 75
37 46 42
21 91 47
31 85 32
42 2 2
16 44 56
58 18 60
61 33 65
86 60 29
82 48 7
15 15 30
34 23 91
5 27 25
80 78 16
62 39 60
65 7 38
65 39 18
92 16 51
5 100 52
6 79 89
39 7 52
96 84 78
52 75 62
93 66 45
63 40 40
18 76 8
80 36 19
68 43 77
24 41 57
47 51 97
37 46 79
22 59 34
37 15 28
48 47 4
60 36 52
15 85 56
59 56 75
92 92 38
79 33 60
7 90 81
71 98 21
96 14 42
49 80 14
90 36 7
68 65 67
99 91 57
74 46 24
21 45 20
88 75 10
49 84 31
74 38 50
20 87 93
16 66 68
33 51 20
67 97 53
76 75 7
39 56 43
26 92 70
76 29 71
68 62 33
28 37 76
41 99 21
77 72 81
82 60 20
4 25 58
90 43 50
100 5 6
31 94 6
92 42 72
34 48 25
65 14 69
57 19 49
85 29 44
41 28 36
28 44 44
93 44 99
29 18 22
27 60 77
66 22 100
7 5 90
56 20 24
71 48 66
67 69 23
46 24 80
22 77 90
26 56 42
19 83 49
24 3 35
22 26 79
31 54 32
76 70 46
17 50 87
69 7 98
49 20 1
77 69 98
67 78 24
76 71 10
23 5 64
67 10 82
25 66 46
30 81 15
74 87 53
52 50 1
99 57 81
100 21 91
7 19 38
45 10 48
86 9 100
17 31 24
96 35 14
77 8 87
76 86 39
54 59 63
56 81 85
100 43 55
53 15 15
60 61 95
7 38 10
56 37 55
11 39 60
7 55 16
99 7 99
35 38 46
11 36 48
15 19 73
65 82 16
22 77 14
40 16 29
24 64 29
30 84 24
85 12 45
66 56 79
82 1 84
3 50 75
13 14 73
97 36 40
4 55 36
83 95 27
42 93 83
97 70 66
51 28 74
4 40 68
50 97 91
89 26 76
36 47 72
58 4 88
98 14 48
51 43 45
37 39 84
78 88 33
12 99 75
88 69 93
10 5 45
69 55 58
69 26 54
65 94 81
32 73 3
22 75 10
78 73 70
10 51 85
45 25 62
50 8 99
27 22 16
54 38 53
82 23 67
53 13 7
89 65 28
86 39 46
19 9 38
68 60 15
6 31 30
91 15 5
21 86 31
4 42 21
75 19 88
63 79 99
1 2 32
79 51 22
100 95 59
95 88 71
35 64 79
25 73 19
99 75 31
39 41 64
35 75 56
81 59 12
72 96 64
46 39 87
22 74 91
80 44 12
63 15 69
51 30 97
40 18 28
97 13 69
34 93 57
30 43 14
19 97 10
27 53 2
79 57 89
63 34 29
10 26 65
62 73 94
69 89 87
13 84 2
12 82 55
13 18 71
47 98 31
59 92 91
21 95 29
73 73 98
39 13 25
97 29 42
30 50 52
3 55 89
20 6 22
73 10 92
7 37 65
67 16 25
29 55 11
46 16 96
95 26 32
86 58 19
16 19 74
91 37 38
100 20 39
83 28 85
55 94 35
56 100 80
26 68 10
97 51 18
26 50 19
95 23 67
47 48 71
54 11 21
59 92 3
47 55 16
20 4 90
16 32 20
33 71 95
66 85 23
84 32 89
64 34 33
91 49 6
1 64 17
28 93 59
52 93 48
76 5 67
82 58 14
3 3 71
68 45 97
86 97 95
92 17 89
11 26 74
42 74 92
68 9 57
79 7 84
92 87 50
47 61 11
67 50 52
5 37 95
54 76 10
34 58 64
91 41 87
9 92 53
57 73 53
12 66 15
97 66 12
32 11 46
59 46 50
20 95 65
75 74 88
78 46 53
63 4 35
16 55 19
85 87 72
7 19 24
15 55 4
44 89 25
38 75 40
50 51 78
28 70 28
80 79 30
36 44 39
11 77 90
23 47 84
5 96 99
20 93 63
66 21 17
71 100 92
81 8 89
49 94 72
63 39 75
8 91 40
88 75 56
46 11 12
84 99 64
72 82 8
49 54 73
26 66 67
77 12 9
43 70 51
77 60 95
2 64 55
89 6 65
44 36 28
38 38 16
43 67 14
91 51 92
41 38 96
12 13 34
79 49 79
67 22 99
69 43 69
22 47 85
82 98 83
100 29 87
5 10 40
64 38 57
20 22 83
65 69 9
31 32 80
52 66 17
41 6 98
72 49 83
37 49 4
5 4 17
73 6 30
38 100 24
26 32 57
30 31 98
19 27 27
52 58 91
48 85 11
35 7 29
37 46 36
61 30 59
97 49 40
68 87 76
85 27 55
60 70 61
36 40 27
38 22 64
33 48 70
77 99 58
57 55 20
22 93 39
5 26 11
76 43 63
79 88 46
72 9 24
18 77 80
23 53 78
32 89 86
60 56 55
44 93 99
89 26 58
43 12 70
57 95 47
53 12 78
94 36 21
94 7 86
58 43 21
96 35 83
25 34 63
17 38 15
32 4 78
42 83 44
39 73 98
88 90 89
96 82 80
13 84 91
95 63 83
42 7 60
82 77 99
91 21 32
11 27 48
93 51 44
30 21 91
36 96 90
7 63 74
87 40 41
2 1 21
78 29 89
38 8 22
51 44 45
69 97 99
66 89 61
68 2 83
36 26 19
70 66 82
53 55 24
85 46 16
16 34 81
24 19 13
24 79 43
79 39 86
64 57 26
22 29 8
66 10 93
13 8 24
6 29 25
73 33 93
64 93 38
2 2 67
25 43 49
52 53 86
1 80 90
5 93 44
59 49 41
90 31 50
91 42 11
26 6 98
75 97 33
41 4 94
14 60 4
63 22 45
15 82 91
100 58 82
99 33 65
37 79 32
31 51 57
39 71 98
19 39 31
37 68 6
73 80 27
86 48 53
44 11 80
43 89 36
8 86 71
24 79 98
38 83 95
24 96 20
5 38 49
60 42 14
63 41 73
33 48 46
97 99 9
68 27 100
61 63 36
24 93 29
50 48 49
47 39 13
70 45 60
82 94 13
11 2 55
3 86 64
97 42 81
90 79 87
35 76 1
75 32 28
1 75 1
5 67 66
13 7 42
29 20 24
80 65 18
77 68 14
28 26 81
55 1 90
34 52 64
60 82 85
70 57 18
89 63 87
13 55 31
59 67 31
43 70 38
47 60 32
65 23 38
70 12 17
78 43 42
40 67 37
61 95 51
68 43 48
87 97 35
30 36 3
87 97 87
12 2 87
18 33 84
55 78 10
4 4 21
19 49 60
98 49 84
23 67 49
50 56 82
31 28 29
81 2 11
31 68 23
8 53 62
57 4 71
33 80 50
55 86 8
71 48 63
47 25 45
45 52 11
38 99 87
3 44 29
57 8 66
61 15 22
98 19 3
67 14 87
48 35 20
81 96 31
69 75 96
63 56 53
54 36 54
54 59 51
98 65 24
37 47 66
50 96 7
51 99 93
52 55 65
47 52 88
89 80 43
25 8 97
80 80 51
12 70 9
56 47 26
98 77 74
25 22 79
95 21 100
14 97 44
29 63 98
79 78 46
87 10 73
90 23 36
73 93 86
81 9 63
1 84 16
54 35 99
85 40 90
61 86 87
84 66 29
26 73 9
88 77 63
79 57 96
55 41 46
71 35 80
78 99 16
78 61 57
59 45 2
90 23 23
73 85 40
10 40 54
72 2 61
35 48 74
8 58 41
6 87 64
77 59 33
24 69 3
84 1 28
71 66 40
97 12 82
76 31 92
56 79 80
4 27 49
79 25 23
97 4 30
58 18 75
34 65 99
95 87 81
53 14 45
9 58 13
53 70 62
28 26 4
78 24 35
72 86 4
81 63 68
73 10 72
90 46 54
94 100 86
45 81 39
85 74 96
30 24 43
9 29 58
17 1 35
66 84 6
18 88 37
89 59 32
31 87 26
99 63 86
47 51 56
95 13 22
16 22 66
28 91 44
95 57 60
67 85 43
45 94 18
19 11 15
32 67 56
14 98 54
86 67 88
37 29 19
12 31 81
14 44 78
99 89 49
15 85 5
9 67 74
28 14 65
14 53 84
15 99 15
7 43 3
53 31 59
24 40 76
4 43 1
85 89 39
30 57 3
30 35 94
14 28 14
88 47 18
54 35 74
8 50 11
38 42 55
21 18 88
83 54 4
39 31 76
42 34 52
49 57 8
62 86 36
8 88 37
6 96 59
57 64 7
2 85 81
76 13 24
69 69 51
70 49 28
11 59 25
33 50 80
75 9 90
94 31 69
44 37 52
83 67 6
99 26 78
97 41 23
63 89 22
95 80 46
88 92 97
76 39 53
62 86 60
78 96 96
50 14 92
73 42 66
58 90 20
2 70 59
89 48 41
31 43 47
15 37 47
88 59 2
72 3 85
64 18 12
23 89 38
31 65 43
53 59 76
5 92 76
25 4 24
55 56 42
73 79 14
59 63 28
32 4 36
65 18 36
73 48 60
68 52 65
87 95 79
47 94 34
67 24 34
13 74 15
17 61 32
78 12 99
62 22 97
65 87 22
70 63 24
32 3 8
79 11 28
1 40 81
94 3 83
46 35 76
62 10 22
32 49 83
80 79 10
19 10 88
45 83 22
28 84 83
98 6 43
50 55 39
69 23 85
3 100 10
32 93 77
19 48 31
72 29 8
27 42 72
14 20 50
68 59 12
76 97 66
54 86 55
54 78 57
3 87 94
95 60 34
55 89 76
8 66 18
5 72 14
50 2 22
97 50 1
59 86 2
14 20 42
78 81 57
56 25 70
50 83 87
41 13 32
56 40 51
28 20 95
62 43 39
80 51 15
19 63 89
93 48 91
95 42 38
83 70 83
98 24 4
1 97 72
87 63 2
45 31 3
42 83 28
16 94 44
68 70 50
76 22 43
6 37 85
98 11 33
50 52 16
90 34 10
11 16 49
89 11 31
65 49 7
100 86 4
57 84 62
7 85 77
26 85 34
14 88 50
29 17 42
43 33 62
29 5 29
60 71 25
15 79 6
23 92 95
25 43 74
41 66 59
41 53 60
80 81 65
13 71 77
41 73 10
31 3 71
13 78 49
9 55 69
29 80 41
93 91 100
79 36 2
12 2 44
41 59 46
3 92 76
76 67 4
97 9 99
63 26 27
58 94 51
20 68 97
3 16 34
44 7 84
65 42 100
98 83 12
40 36 13
18 89 16
73 77 94
47 67 61
68 52 71
63 21 77
72 22 57
90 50 5
70 92 30
41 60 20
69 53 9
11 65 89
14 14 91
14 84 33
70 97 73
17 88 84
59 95 13
49 57 3
63 68 93
18 82 91
13 77 82
73 11 71
14 56 17
46 67 47
84 25 50
93 71 11
95 94 48
5 95 71
59 70 69
73 33 13
98 52 14
12 55 90
67 35 19
29 93 18
10 22 54
83 75 20
41 93 18
3 95 29
34 21 9
88 2 88
23 50 84
43 46 17
55 89 56
52 64 56
32 46 29
82 40 20
41 56 31
71 36 57
27 15 69
96 25 65
36 84 32
24 32 49
92 58 18
3 91 80
45 45 63
77 47 33
18 16 93
25 73 26
57 49 41
33 80 87
74 75 59
87 20 15
100 43 28
41 62 10
68 51 72
35 19 26
32 97 26
46 65 57
25 44 80
84 65 21
4 45 99
100 53 7
69 72 29
30 4 17
49 1 31
9 21 44
98 25 68
96 22 45
59 79 88
66 9 68
83 71 99
54 5 100
34 41 48
88 82 43
49 56 7
50 100 4
8 24 42
27 56 45
90 48 72
40 96 70
62 65 38
32 26 31
78 64 6
43 64 53
73 69 88
22 12 35
97 7 32
72 99 86
88 57 83
12 97 24
57 88 2
25 13 57
75 94 95
32 72 4
34 100 88
95 47 85
48 28 88
62 39 87
25 58 89
7 86 80
94 99 100
69 76 70
55 8 37
76 16 73
47 87 95
56 77 90
9 51 71
19 71 28
8 27 48
20 6 8
19 5 78
86 14 99
23 98 58
82 66 28
78 36 18
33 51 100
59 86 1
30 84 33
86 55 61
2 55 26
13 61 21
65 100 95
48 57 93
100 95 66
5 62 39
23 18 99
99 48 6
87 33 51
43 21 91
92 18 69
31 90 26
87 64 89
93 78 82
86 18 71
95 19 83
8 80 58
82 44 52
35 90 6
49 48 6
13 99 100
44 15 39
97 6 34
76 45 29
11 72 18
25 45 19
40 68 20
41 23 21
79 21 52
10 52 96
26 86 5
49 44 77
23 35 82
12 18 89
97 81 34
39 28 50
46 79 45
99 92 58
68 85 36
62 2 49
74 17 44
15 9 83
28 40 12
93 67 27
29 2 96
30 29 75
10 64 29
5 75 88
86 52 93
23 59 6
83 56 1
51 50 99
16 57 66
15 57 37
75 79 64
46 18 86
3 12 60
81 32 28
71 57 22
93 18 44
29 29 11
6 21 30
73 82 2
88 96 59
10 20 80
1 21 72
98 70 56
62 31 24
89 93 27
13 96 34
23 59 72
38 62 96
39 22 70
82 94 48
55 42 86
94 94 81
4 23 93
92 14 22
53 76 4
53 34 7
42 45 2
79 64 34
92 69 74
96 10 60
82 67 51
33 62 98
85 33 5
100 78 37
98 59 68
35 11 25
38 61 96
12 30 43
32 21 32
29 96 58
50 65 51
82 49 19
17 48 96
71 6 3
11 66 2
83 60 84
93 70 88
11 64 90
22 69 74
42 9 14
37 52 36
16 81 83
4 96 55
35 79 92
13 78 67
46 47 79
57 52 2
81 80 50
53 70 91
8 86 76
3 5 1
5 10 10
48 91 48
41 69 92
44 19 68
90 91 45
37 54 16
8 9 23
49 52 41
81 5 3
60 70 49
57 7 27
46 29 16
40 9 100
5 25 81
29 23 89
49 5 38
95 92 68
1 38 8
87 62 1
24 76 61
52 29 34
29 52 74
20 25 86
54 76 97
17 52 99
77 54 22
45 94 86
14 28 67
1 59 85
63 91 75
9 85 94
78 31 42
61 42 26
43 40 93
1 64 25
41 93 87
53 49 83
97 61 25
29 65 47
10 72 66
69 16 63
97 18 100
41 6 78
3 32 53
90 90 26
50 50 35
13 60 56
78 55 1
55 68 80
24 17 16
36 12 39
31 64 19
57 16 2
10 94 30
2 11 87
72 59 16
13 23 10
69 72 83
47 18 61
97 39 61
74 70 40
9 5 96
99 81 53
77 87 91
100 38 84
60 41 3
10 70 25
66 31 96
73 40 29
97 42 74
87 73 82
77 77 100
81 22 10
10 52 28
20 6 88
34 16 80
55 42 97
70 31 1
9 62 64
86 1 38
93 98 15
66 47 2
8 94 28
74 88 31
47 35 5
84 29 84
65 1 14
87 27 84
50 69 32
13 65 48
66 87 59
40 35 28
24 38 47
12 91 6
18 15 24
76 39 5
81 41 39
99 78 63
17 73 35
70 90 10
22 51 62
17 60 89
56 13 42
78 69 22
93 93 10
27 43 43
12 25 71
19 99 37
9 26 52
24 96 56
48 51 88
32 100 1
72 62 46
49 84 23
69 61 85
96 78 89
18 43 19
69 82 80
96 4 65
54 66 40
55 31 42
87 9 55
2 65 27
29 22 40
99 95 36
90 6 68
24 48 76
85 52 97
62 59 31
48 46 31
13 63 36
9 66 2
33 87 54
58 92 39
5 17 1
32 36 16
86 79 37
48 79 49
36 76 34
31 36 73
96 3 100
80 70 5
22 74 54
19 31 27
51 56 100
9 29 2
88 96 96
87 91 62
86 16 69
34 69 95
5 49 9
90 79 84
18 74 2
3 85 36
75 78 44
64 40 59
37 12 53
75 40 3
54 68 60
64 89 57
40 44 87
39 67 32
39 20 19
3 9 99
85 6 66
65 65 60
10 70 5
18 91 73
88 28 83
62 37 16
18 20 51
28 18 18
91 19 65
11 18 12
13 77 81
56 19 68
4 7 57
26 9 70
28 98 9
10 40 78
47 6 27
41 29 12
54 69 7
46 14 94
17 73 57
25 61 31
97 16 37
90 94 44
41 51 81
99 32 77
12 62 26
57 48 90
66 55 22
16 98 37
32 92 3
38 10 38
57 62 66
92 60 95
32 94 10
47 69 27
70 49 27
73 81 1
67 20 70
21 2 4
69 41 42
89 75 96
25 34 55
6 17 86
42 80 23
64 84 13
1 98 55
78 93 25
45 34 35
9 49 19
97 79 3
95 2 35
4 92 89
83 51 46
94 86 60
48 67 7
23 58 4
75 97 78
33 75 54
91 14 91
57 69 80
82 13 61
55 24 36
67 70 86
81 55 1
92 65 96
66 22 92
66 62 37
60 48 33
84 78 47
51 40 100
71 62 7
80 87 26
72 38 47
5 99 18
91 50 51
40 3 55
77 72 20
77 91 78
80 26 57
89 80 12
77 1 76
5 63 68
65 4 35
53 92 61
2 23 16
69 27 7
80 28 84
37 77 39
80 91 14
82 86 100
82 15 100
50 71 62
35 76 78
97 68 49
1 36 84
88 12 29
27 66 96
5 19 15
82 24 89
31 31 94
62 15 54
91 69 67
61 28 15
72 99 27
54 30 78
96 6 31
79 61 90
19 3 59
52 53 37
49 94 13
98 83 31
7 93 95
88 7 72
74 96 86
80 35 63
41 24 64
84 54 87
57 76 15
66 65 19
50 75 2
93 66 36
37 17 39
87 81 94
96 88 12
75 18 63
36 29 32
69 33 72
19 79 79
84 92 38
40 72 33
23 50 88
13 85 13
52 87 83
6 76 65
39 100 89
71 21 11
64 80 74
50 32 77
69 28 90
84 28 82
76 50 20
28 21 21
86 67 12
98 4 39
60 1 36
18 21 2
85 64 5
31 57 89
34 37 80
69 34 15
70 70 47
77 12 58
51 12 47
40 6 42
95 71 18
94 47 3
5 24 95
53 1 76
13 83 20
3 24 66
66 1 46
2 94 25
77 20 28
68 84 38
83 25 69
17 82 57
89 51 15
74 85 85
20 41 81
46 46 17
97 26 49
1 41 12
5 91 99
93 12 71
76 45 61
99 66 94
36 17 24
16 47 39
13 69 40
31 43 26
97 94 6
60 11 17
41 90 44
60 85 33
96 93 39
95 56 13
13 69 10
76 25 39
14 93 23
12 7 6
54 58 35
26 55 78
55 80 83
82 28 47
31 24 47
82 55 65
74 40 68
53 34 66
82 21 8
85 65 42
48 82 37
95 72 80
30 15 9
96 32 84
28 84 77
54 54 50
72 37 52
54 95 66
98 4 2
5 15 56
21 45 24
19 74 55
30 16 39
99 51 59
58 70 68
74 49 14
21 50 79
17 11 11
2 100 58
81 80 33
53 21 22
74 2 81
30 84 58
77 90 10
44 84 48
18 37 24
28 93 89
59 2 74
94 20 85
85 43 97
69 27 29
64 24 32
67 27 27
83 44 26
94 31 62
89 70 57
21 17 1
68 41 1
94 98 9
91 88 80
54 64 32
29 13 13
95 10 63
87 84 92
89 29 63
83 12 52
23 83 36
93 72 19
65 64 13
63 3 30
50 54 55
85 40 88
96 31 19
62 50 90
96 47 75
79 16 39
22 19 38
25 15 18
8 76 22
27 33 2
68 43 38
5 30 4
22 24 90
15 44 41
58 40 1
32 13 19
38 71 54
9 10 95
70 40 67
22 22 56
3 39 73
18 5 83
59 9 58
72 21 95
66 56 72
4 72 11
58 21 19
75 49 38
97 48 50
72 99 100
25 24 96
77 27 53
95 50 49
69 8 82
31 63 3
12 1 80
69 67 76
33 14 97
26 73 64
22 97 16
57 76 73
31 73 58
89 34 49
46 8 4
96 6 28
92 33 54
98 12 83
63 15 59
2 34 77
53 49 15
12 69 16
26 16 68
88 8 92
56 64 84
48 20 81
63 32 6
8 14 43
86 96 70
56 66 8
79 18 98
32 26 72
35 95 86
88 71 69
13 64 52
61 31 39
19 92 27
99 74 64
28 27 87
60 50 20
19 63 62
70 11 52
16 44 69
69 100 55
29 64 57
39 94 26
81 30 30
62 47 37
8 75 95
84 81 3
5 31 87
44 46 49
57 8 57
79 79 16
70 96 74
61 14 28
48 92 25
81 32 89
64 82 32
100 41 33
16 63 47
55 1 61
92 92 92
25 84 52
14 18 9
20 77 8
58 10 4
12 100 25
22 94 50
48 10 70
68 12 2
93 56 65
35 79 32
64 10 39
62 8 53
91 44 30
6 26 95
96 55 48
54 11 3
9 76 48
50 26 6
3 4 24
96 48 9
31 6 73
42 81 94
94 68 10
30 53 25
25 72 92
4 86 67
77 47 74
6 71 68
20 80 43
11 2 12
94 48 26
20 81 92
65 39 9
87 53 54
76 47 64
26 72 52
99 75 80
36 76 67
28 22 71
22 36 27
23 93 37
23 24 4
40 69 73
38 51 5
45 79 66
60 63 68
68 71 39
52 63 53
59 58 38
38 78 47
14 95 13
4 18 28
62 14 7
34 60 82
48 23 55
33 3 7
15 27 40
79 17 63
7 50 83
51 92 10
82 49 67
59 31 26
63 77 89
9 100 25
84 84 11
18 14 55
70 48 68
80 85 47
25 78 57
80 44 62
68 93 32
62 51 49
91 24 63
67 63 23
60 55 83
97 25 98
27 53 16
44 100 99
84 8 23
31 86 77
45 3 39
70 24 71
94 100 17
63 44 50
32 47 8
54 93 72
55 59 17
9 73 92
24 2 5
85 25 71
11 97 23
97 5 38
66 80 36
34 66 96
82 99 65
24 9 32
75 45 26
86 43 60
38 79 49
44 10 34
76 18 92
72 90 30
82 10 54
69 16 54
20 18 21
32 27 75
64 99 11
41 85 57
100 34 87
5 67 64
26 41 73
19 36 60
4 63 82
83 31 45
37 6 100
34 15 64
73 45 50
11 5 100
23 87 38
43 3 56
78 29 66
88 68 73
37 35 44
73 82 31
20 98 38
58 85 3
62 79 78
61 34 60
64 48 84
