2 3 1 6
7 6 11 24
4 14 7 25
13 9 18 40
12 5 26 43
17 12 34 63
41 8 14 63
46 4 25 75
27 24 24 75
55 19 2 76
49 14 17 80
20 36 24 80
2 69 15 86
15 38 35 88
29 56 5 90
6 52 37 95
45 24 28 97
54 40 9 103
23 34 52 109
20 9 83 112
23 18 72 113
31 59 23 113
36 69 9 114
95 9 10 114
24 22 69 115
50 26 40 116
8 16 92 116
74 26 17 117
6 47 65 118
18 80 22 120
69 1 51 121
9 36 76 121
45 54 22 121
91 5 27 123
11 54 60 125
42 67 17 126
5 78 45 128
39 62 28 129
69 4 57 130
59 59 12 130
7 87 37 131
58 32 43 133
97 16 20 133
26 94 13 133
88 30 16 134
13 60 62 135
17 68 51 136
38 83 22 143
70 44 29 143
73 4 68 145
87 42 16 145
90 46 13 149
45 42 64 151
70 21 60 151
45 97 10 152
46 75 32 153
8 80 65 153
69 76 9 154
75 71 9 155
69 24 63 156
67 18 72 157
34 64 60 158
3 59 97 159
48 20 95 163
99 47 21 167
24 55 88 167
60 86 22 168
64 91 14 169
42 49 80 171
5 89 78 172
49 46 79 174
55 78 42 175
64 76 36 176
16 92 69 177
76 39 62 177
66 38 75 179
89 32 58 179
99 17 65 181
86 60 35 181
58 74 52 184
56 66 63 185
54 88 43 185
66 93 26 185
83 97 9 189
85 21 87 193
75 78 40 193
83 14 97 194
28 88 79 195
56 51 90 197
95 97 7 199
89 67 47 203
36 89 79 204
75 71 59 205
62 94 56 212
73 92 51 216
100 34 83 217
86 75 59 220
39 98 85 222
82 81 80 243
91 90 75 256
Total runtime: 0.0005772113800048828 seconds