2 2 3 7
1 8 2 11
1 5 7 13
10 4 5 19
5 7 7 19
1 2 18 21
7 11 3 21
3 13 7 23
11 4 9 24
6 13 6 25
2 18 5 25
2 3 20 25
21 1 4 26
12 12 2 26
1 7 19 27
8 1 19 28
14 7 7 28
14 4 11 29
6 6 18 30
13 2 15 30
7 3 20 30
17 2 12 31
2 18 11 31
1 16 14 31
26 1 5 32
25 2 5 32
11 12 10 33
2 16 16 34
21 8 5 34
7 14 13 34
18 13 4 35
2 10 23 35
14 14 7 35
8 20 7 35
19 13 3 35
8 1 27 36
13 11 12 36
1 34 2 37
24 3 10 37
30 5 3 38
5 7 26 38
7 25 6 38
15 7 16 38
23 8 7 38
16 14 8 38
19 18 1 38
18 16 5 39
8 1 30 39
18 8 13 39
16 18 5 39
9 25 5 39
10 28 2 40
23 7 10 40
8 27 5 40
17 7 16 40
9 6 25 40
9 19 12 40
18 13 10 41
4 22 15 41
25 13 3 41
1 9 31 41
13 15 13 41
23 4 15 42
12 28 2 42
28 9 6 43
37 3 3 43
5 15 23 43
1 22 20 43
4 32 7 43
13 12 18 43
1 17 25 43
20 10 13 43
1 11 32 44
35 3 6 44
18 13 13 44
22 8 14 44
13 29 2 44
3 2 39 44
22 7 15 44
5 36 4 45
8 25 12 45
1 1 43 45
14 12 20 46
36 5 5 46
3 37 6 46
9 17 20 46
11 16 20 47
11 19 17 47
21 9 18 48
8 23 17 48
21 17 10 48
8 14 26 48
10 35 3 48
4 42 3 49
8 8 33 49
23 3 23 49
20 15 14 49
11 2 36 49
12 5 33 50
14 19 17 50
16 27 7 50
2 44 4 50
42 6 2 50
5 42 3 50
5 4 41 50
30 5 15 50
7 23 21 51
16 8 27 51
36 6 9 51
3 14 34 51
8 40 3 51
1 24 26 51
23 13 15 51
34 4 13 51
35 4 13 52
16 5 31 52
2 18 32 52
29 1 22 52
27 23 2 52
43 2 7 52
21 16 15 52
11 5 37 53
20 23 10 53
12 31 10 53
23 29 1 53
17 5 31 53
24 12 17 53
10 9 35 54
9 40 5 54
24 12 18 54
1 10 43 54
8 44 2 54
7 12 35 54
10 6 38 54
18 5 31 54
6 27 22 55
1 9 45 55
20 28 7 55
18 15 22 55
26 22 7 55
7 47 1 55
4 29 22 55
25 21 9 55
8 40 7 55
28 20 7 55
39 11 5 55
37 7 11 55
27 8 21 56
22 10 24 56
1 42 13 56
43 10 3 56
47 5 4 56
6 47 3 56
49 5 2 56
39 2 15 56
15 30 11 56
9 45 2 56
21 14 21 56
4 36 16 56
18 33 5 56
1 11 44 56
6 22 28 56
17 14 26 57
26 9 22 57
1 52 4 57
3 1 53 57
14 31 12 57
2 18 37 57
19 3 35 57
24 22 11 57
13 31 13 57
7 39 11 57
28 11 18 57
54 1 2 57
53 1 4 58
33 19 6 58
28 11 19 58
14 43 1 58
5 31 22 58
8 14 36 58
1 19 38 58
35 20 3 58
11 4 43 58
7 41 10 58
40 9 9 58
5 51 2 58
47 9 2 58
26 21 12 59
37 5 17 59
7 9 43 59
35 1 23 59
10 40 9 59
15 16 28 59
10 24 25 59
26 27 6 59
19 36 4 59
18 13 28 59
9 15 35 59
39 8 12 59
12 23 24 59
9 47 3 59
22 27 10 59
26 1 33 60
34 7 19 60
2 32 26 60
3 24 33 60
21 9 30 60
1 8 51 60
21 1 38 60
44 14 2 60
23 20 17 60
7 47 7 61
18 5 38 61
4 55 2 61
1 9 51 61
22 31 8 61
3 2 56 61
35 6 20 61
10 23 28 61
19 19 23 61
5 25 31 61
43 8 10 61
24 14 24 62
43 10 9 62
40 1 21 62
16 28 18 62
6 42 14 62
22 1 39 62
40 8 14 62
53 3 6 62
21 34 7 62
6 16 40 62
27 3 32 62
8 38 16 62
56 5 1 62
40 9 13 62
47 10 5 62
6 13 43 62
32 29 2 63
3 8 52 63
38 15 10 63
37 16 10 63
39 22 2 63
43 12 8 63
8 49 6 63
14 31 18 63
44 4 15 63
49 13 1 63
30 8 25 63
4 4 55 63
53 1 9 63
3 44 17 64
25 2 37 64
10 21 33 64
9 6 49 64
26 14 24 64
14 31 19 64
44 17 3 64
10 25 29 64
27 36 1 64
38 20 6 64
4 49 11 64
14 22 28 64
19 6 40 65
27 33 5 65
20 34 11 65
32 11 22 65
16 47 2 65
39 1 25 65
15 3 47 65
33 26 6 65
35 2 28 65
27 12 27 66
27 9 30 66
4 55 7 66
6 32 28 66
39 24 3 66
17 47 2 66
3 54 9 66
5 58 3 66
6 19 41 66
56 9 1 66
13 44 9 66
34 24 8 66
44 13 10 67
25 32 10 67
14 36 17 67
10 38 19 67
39 27 1 67
9 50 8 67
14 39 14 67
2 59 6 67
6 32 29 67
36 8 23 67
1 2 64 67
28 30 9 67
40 4 23 67
18 7 42 67
54 3 10 67
26 24 18 68
31 5 32 68
54 5 9 68
36 14 18 68
34 30 4 68
42 7 19 68
32 20 16 68
4 17 47 68
9 3 56 68
21 44 3 68
11 47 10 68
19 28 21 68
15 45 8 68
10 40 18 68
19 29 21 69
21 20 28 69
29 7 33 69
38 9 22 69
14 38 17 69
15 45 9 69
5 49 15 69
60 4 5 69
3 8 58 69
6 2 61 69
52 7 10 69
37 27 5 69
5 58 6 69
14 11 44 69
10 2 58 70
25 22 23 70
35 3 32 70
15 50 5 70
52 15 3 70
31 8 31 70
32 17 21 70
61 7 2 70
9 37 24 70
52 1 17 70
20 34 16 70
33 9 29 71
40 25 6 71
16 14 41 71
30 28 13 71
7 2 62 71
11 29 31 71
61 8 2 71
3 1 67 71
49 19 3 71
22 29 21 72
20 15 37 72
5 50 17 72
19 10 43 72
20 16 36 72
17 18 37 72
20 40 12 72
65 2 5 72
15 18 39 72
49 8 15 72
19 22 31 72
46 3 23 72
56 4 12 72
26 36 10 72
24 7 41 72
12 20 40 72
47 6 20 73
26 8 39 73
10 58 5 73
50 4 19 73
19 28 26 73
30 18 25 73
5 30 38 73
45 6 22 73
15 41 17 73
44 27 2 73
29 42 2 73
36 18 19 73
27 1 46 74
26 19 29 74
44 27 3 74
51 10 13 74
18 49 7 74
4 2 68 74
1 47 26 74
27 33 14 74
25 9 40 74
51 21 2 74
5 29 40 74
58 12 4 74
22 1 51 74
58 15 1 74
33 27 14 74
8 65 1 74
9 15 50 74
13 17 44 74
19 15 40 74
7 56 11 74
7 35 32 74
11 9 54 74
30 3 41 74
29 33 12 74
44 10 21 75
15 52 8 75
3 42 30 75
25 31 19 75
35 16 24 75
46 8 21 75
18 52 5 75
47 21 7 75
22 36 17 75
4 6 65 75
61 5 9 75
3 26 46 75
22 14 39 75
3 66 6 75
47 7 21 75
20 32 23 75
55 19 1 75
3 18 54 75
7 13 55 75
6 17 53 76
20 29 27 76
35 28 13 76
23 25 28 76
10 62 4 76
8 30 38 76
40 35 1 76
25 8 43 76
51 23 2 76
21 35 20 76
26 20 30 76
10 45 21 76
35 17 24 76
58 8 10 76
2 20 54 76
6 63 7 76
19 3 54 76
12 16 48 76
4 7 65 76
1 26 49 76
8 19 49 76
15 56 6 77
11 13 53 77
18 8 51 77
5 33 39 77
16 22 39 77
46 18 13 77
12 40 25 77
22 27 28 77
18 35 24 77
30 40 7 77
43 30 4 77
23 32 22 77
9 30 38 77
25 3 49 77
52 21 4 77
31 13 33 77
11 30 36 77
1 6 70 77
53 5 19 77
3 11 63 77
20 14 43 77
8 42 27 77
17 9 51 77
14 55 8 77
6 56 16 78
30 40 8 78
21 31 26 78
4 2 72 78
7 55 16 78
47 24 7 78
41 13 24 78
34 16 28 78
31 37 10 78
14 27 37 78
35 19 24 78
62 11 5 78
9 4 65 78
1 21 56 78
19 57 2 78
16 2 60 78
44 23 11 78
21 4 53 78
1 74 3 78
29 9 40 78
13 41 24 78
5 28 45 78
40 24 14 78
5 37 37 79
65 12 2 79
4 10 65 79
28 6 45 79
49 25 5 79
49 6 24 79
20 19 40 79
24 15 40 79
18 13 48 79
13 56 10 79
5 17 57 79
14 57 8 79
1 76 2 79
27 1 51 79
11 14 54 79
61 15 3 79
6 64 9 79
8 35 36 79
60 1 19 80
27 33 20 80
19 26 35 80
2 46 32 80
40 34 6 80
21 58 1 80
27 1 52 80
11 67 2 80
5 51 24 80
41 34 5 80
19 57 4 80
7 37 37 81
69 8 4 81
20 13 48 81
32 1 48 81
13 61 7 81
19 42 20 81
35 26 20 81
54 24 3 81
48 27 6 81
35 41 5 81
58 3 20 81
51 19 11 81
5 22 54 81
16 53 12 81
21 12 48 81
7 58 16 81
9 58 14 81
48 15 18 81
25 32 24 81
16 24 41 81
2 58 21 81
6 33 42 81
34 23 24 81
2 1 78 81
37 40 4 81
37 3 41 81
58 16 7 81
7 20 55 82
17 40 25 82
34 27 21 82
8 67 7 82
28 29 25 82
16 54 12 82
36 8 38 82
10 16 56 82
8 9 65 82
1 62 19 82
42 14 26 82
75 4 3 82
46 32 4 82
23 18 41 82
27 28 28 83
28 50 5 83
27 1 55 83
25 20 38 83
14 65 4 83
17 59 7 83
10 34 39 83
11 28 44 83
63 16 4 83
7 20 56 83
68 13 2 83
2 4 77 83
39 19 25 83
9 3 71 83
20 37 26 83
51 23 10 84
32 15 37 84
41 28 15 84
1 55 28 84
17 29 38 84
30 12 42 84
15 17 52 84
10 67 7 84
3 19 62 84
31 47 6 84
9 42 33 84
33 36 15 84
67 3 14 84
13 17 54 84
35 46 3 84
29 48 7 84
15 56 14 85
22 25 38 85
61 12 12 85
24 44 17 85
5 16 64 85
59 11 15 85
38 27 20 85
17 36 32 85
70 5 10 85
45 7 33 85
2 24 59 85
15 4 66 85
52 1 32 85
4 63 18 85
13 31 41 85
34 8 43 85
28 19 39 86
22 14 50 86
15 52 19 86
12 73 1 86
16 66 4 86
4 74 8 86
61 21 4 86
80 1 5 86
59 6 21 86
28 21 37 86
32 14 40 86
69 12 5 86
42 3 41 86
12 67 7 86
60 24 2 86
12 7 67 86
29 4 53 86
36 25 25 86
52 32 2 86
23 45 18 86
24 21 41 86
8 67 11 86
12 54 20 86
10 36 41 87
43 25 19 87
38 39 10 87
11 50 26 87
5 54 28 87
23 8 56 87
21 36 30 87
20 6 61 87
39 41 7 87
3 58 26 87
54 32 1 87
28 15 44 87
60 12 15 87
3 61 23 87
9 57 21 87
10 64 13 87
19 3 65 87
69 11 7 87
46 27 15 88
29 56 3 88
18 50 20 88
27 26 35 88
4 33 51 88
50 35 3 88
75 9 4 88
21 53 14 88
42 19 27 88
1 68 19 88
11 54 23 88
3 70 15 88
27 23 38 88
10 33 45 88
40 36 12 88
53 23 12 88
35 43 10 88
14 43 31 88
29 25 34 88
70 16 2 88
24 54 10 88
3 71 14 88
45 8 35 88
43 28 17 88
34 41 13 88
2 11 75 88
58 1 29 88
49 37 2 88
10 23 55 88
62 19 7 88
80 6 2 88
58 7 24 89
24 37 28 89
60 9 20 89
34 10 45 89
22 3 64 89
22 51 16 89
55 23 11 89
57 8 24 89
32 5 52 89
24 36 29 89
12 76 1 89
7 22 60 89
35 52 2 89
7 52 30 89
69 15 5 89
19 16 54 89
43 45 1 89
5 34 50 89
22 28 39 89
28 40 21 89
76 2 11 89
1 41 47 89
53 29 7 89
46 36 7 89
7 44 39 90
69 10 11 90
9 51 30 90
54 7 29 90
24 14 52 90
71 1 18 90
56 10 24 90
48 38 4 90
40 18 32 90
46 26 18 90
50 35 5 90
19 24 47 90
6 81 3 90
29 9 52 90
38 21 31 90
43 19 28 90
1 13 76 90
44 35 11 90
14 27 49 90
16 62 12 90
20 58 12 90
57 8 25 90
23 16 51 90
52 15 23 90
54 5 31 90
36 50 4 90
2 51 37 90
18 6 66 90
7 16 67 90
6 1 83 90
35 44 11 90
2 9 79 90
56 19 16 91
53 7 31 91
47 40 4 91
78 10 3 91
29 9 53 91
41 17 33 91
26 6 59 91
21 14 56 91
56 5 30 91
34 36 21 91
34 33 24 91
3 63 25 91
17 23 51 91
35 41 15 91
18 51 22 91
19 20 52 91
7 23 61 91
40 50 1 91
21 28 42 91
31 19 41 91
36 25 30 91
34 51 6 91
33 36 22 91
44 38 9 91
25 11 55 91
7 68 17 92
21 25 46 92
21 50 21 92
88 1 3 92
32 58 2 92
58 29 5 92
51 19 22 92
61 21 10 92
4 38 50 92
26 44 22 92
5 77 10 92
1 59 32 92
57 12 23 92
68 5 19 92
60 30 2 92
52 31 9 92
12 17 63 92
45 19 28 92
55 25 12 92
55 16 21 92
1 7 84 92
20 24 48 92
31 35 26 92
75 2 15 92
8 67 17 92
10 80 2 92
8 65 19 92
66 20 6 92
51 6 35 92
5 59 28 92
18 5 69 92
40 51 2 93
44 34 15 93
21 17 55 93
24 18 51 93
29 13 51 93
55 6 32 93
11 36 46 93
4 55 34 93
21 38 34 93
28 1 64 93
59 32 2 93
16 57 20 93
54 38 1 93
4 77 12 93
23 2 68 93
28 17 48 93
41 20 32 93
27 65 1 93
8 71 14 93
40 18 35 93
84 5 4 93
18 55 20 93
38 39 16 93
10 58 25 93
66 11 17 94
37 6 51 94
53 39 2 94
5 86 3 94
36 10 48 94
5 32 57 94
76 16 2 94
34 42 18 94
40 42 12 94
35 55 4 94
71 2 21 94
8 60 26 94
30 51 13 94
50 26 18 94
5 25 64 94
8 5 81 94
11 69 14 94
47 43 4 94
6 24 64 94
58 35 1 94
54 14 26 94
8 28 58 94
29 27 38 94
20 36 38 94
5 34 55 94
29 44 21 94
23 39 32 94
19 7 68 94
3 43 48 94
6 44 45 95
15 54 26 95
15 46 34 95
3 15 77 95
3 46 46 95
39 50 6 95
18 4 73 95
46 46 3 95
43 8 44 95
40 51 4 95
4 33 58 95
5 62 28 95
42 44 9 95
49 11 35 95
18 7 70 95
22 1 72 95
48 24 23 95
32 13 50 95
13 11 71 95
13 1 81 95
26 50 19 95
87 7 1 95
16 54 25 95
59 35 1 95
88 2 5 95
63 31 1 95
7 63 25 95
10 23 62 95
22 27 47 96
18 71 7 96
54 16 26 96
52 37 7 96
16 48 32 96
53 6 37 96
9 55 32 96
26 55 15 96
18 42 36 96
63 6 27 96
65 27 4 96
68 21 7 96
30 19 47 96
47 21 28 96
24 13 59 96
46 7 43 96
66 26 4 96
28 66 2 96
56 16 24 96
48 43 5 96
78 6 12 96
31 25 40 96
2 87 8 97
52 16 29 97
6 24 67 97
70 25 2 97
41 14 42 97
16 75 6 97
39 52 6 97
6 61 30 97
43 45 9 97
32 7 58 97
5 41 51 97
29 22 46 97
2 69 26 97
44 16 37 97
33 42 22 97
33 12 52 97
14 24 59 97
37 6 54 97
66 28 3 97
16 51 30 97
18 16 63 97
10 5 82 97
43 33 21 97
14 42 41 97
39 28 30 97
15 28 55 98
8 78 12 98
30 2 66 98
21 51 26 98
35 28 35 98
35 57 6 98
32 3 63 98
45 29 24 98
11 17 70 98
41 53 4 98
29 27 42 98
21 24 53 98
62 13 23 98
3 21 74 98
2 32 64 98
18 18 62 98
67 27 4 98
14 57 27 98
7 66 25 98
5 7 86 98
57 8 33 98
14 13 71 98
24 15 59 98
39 41 18 98
44 43 11 98
30 62 6 98
35 54 9 98
30 23 45 98
92 4 2 98
34 53 11 98
37 43 18 98
12 26 60 98
62 23 13 98
38 23 37 98
55 39 5 99
52 14 33 99
80 12 7 99
13 39 47 99
51 34 14 99
63 9 27 99
4 12 83 99
8 1 90 99
12 59 28 99
41 13 45 99
65 20 14 99
9 72 18 99
11 40 48 99
43 51 5 99
37 51 11 99
23 24 52 99
63 23 13 99
75 9 15 99
10 34 55 99
65 18 16 99
76 5 18 99
28 43 28 99
69 10 20 99
10 66 23 99
36 13 51 100
9 43 48 100
15 70 15 100
11 47 42 100
16 1 83 100
15 49 36 100
31 19 50 100
73 18 9 100
39 33 28 100
14 76 10 100
32 26 42 100
22 64 14 100
61 23 16 100
38 57 5 100
58 13 29 100
16 80 4 100
38 32 30 100
60 31 9 100
59 6 35 100
15 74 11 100
1 64 35 100
18 50 32 100
5 18 77 100
16 61 23 100
40 54 6 100
23 4 73 100
5 84 11 100
62 13 26 101
42 30 29 101
37 26 38 101
11 86 4 101
60 33 8 101
14 31 56 101
19 61 21 101
36 7 58 101
47 45 9 101
7 50 44 101
66 4 31 101
63 37 1 101
23 61 17 101
6 82 13 101
4 89 8 101
11 58 32 101
13 61 27 101
45 13 43 101
13 77 11 101
3 70 28 101
20 76 5 101
67 1 33 101
72 18 11 101
3 33 65 101
7 13 81 101
33 25 43 101
58 42 2 102
45 54 3 102
76 24 2 102
31 41 30 102
56 25 21 102
19 65 18 102
27 25 50 102
17 75 10 102
33 4 65 102
59 40 3 102
62 32 8 102
28 44 30 102
38 60 4 102
14 74 14 102
40 21 41 102
48 45 9 102
77 13 12 102
84 17 1 102
75 14 13 102
86 13 3 102
44 46 12 102
6 95 1 102
44 22 36 102
54 12 36 102
45 28 29 102
58 42 2 102
4 92 6 102
4 31 67 102
33 23 46 102
52 17 33 102
45 11 46 102
63 36 3 102
42 12 48 102
94 5 4 103
10 15 78 103
72 18 13 103
64 32 7 103
11 72 20 103
23 73 7 103
74 20 9 103
49 42 12 103
1 7 95 103
81 20 2 103
40 58 5 103
30 16 57 103
14 44 45 103
15 56 32 103
54 13 36 103
51 21 31 103
17 28 58 103
82 9 12 103
3 26 74 103
9 45 49 103
10 82 11 103
37 37 29 103
27 31 45 103
8 35 60 103
10 69 24 103
16 10 77 103
26 5 72 103
24 14 65 103
10 48 45 103
79 4 20 103
25 29 49 103
53 28 22 103
16 48 39 103
12 50 41 103
71 31 1 103
53 31 20 104
4 80 20 104
17 6 81 104
23 19 62 104
9 18 77 104
16 80 8 104
47 16 41 104
14 57 33 104
65 18 21 104
47 1 56 104
62 34 8 104
52 35 17 104
9 56 39 104
16 18 70 104
34 48 22 104
84 10 10 104
33 69 2 104
39 39 26 104
24 19 61 104
54 40 10 104
52 41 11 104
50 34 20 104
24 14 66 104
5 54 45 104
88 8 8 104
32 67 5 104
18 33 53 104
38 14 52 104
46 14 44 104
10 22 72 104
11 38 55 104
27 55 22 104
27 3 74 104
19 40 45 104
37 2 65 104
66 9 29 104
17 40 47 104
26 14 64 104
6 48 50 104
79 9 17 105
40 43 22 105
15 21 69 105
24 43 38 105
1 35 69 105
54 13 38 105
73 11 21 105
22 82 1 105
6 42 57 105
49 42 14 105
42 39 24 105
63 35 7 105
72 3 30 105
19 62 24 105
14 9 82 105
8 83 14 105
42 43 20 105
46 41 18 105
19 61 25 105
61 1 43 105
30 33 42 105
38 57 10 105
45 37 23 105
42 53 10 105
82 5 18 105
43 56 6 105
22 2 81 105
1 42 62 105
20 72 13 105
68 15 22 105
58 43 5 106
69 23 14 106
14 65 27 106
13 18 75 106
55 5 46 106
12 44 50 106
10 25 71 106
4 40 62 106
21 28 57 106
4 65 37 106
9 1 96 106
45 27 34 106
54 9 43 106
36 20 50 106
39 37 30 106
38 49 19 106
9 5 92 106
21 38 47 106
45 16 45 106
23 6 77 106
97 3 6 106
70 1 35 106
82 20 4 106
60 26 20 106
99 4 3 106
59 35 12 106
84 21 1 106
43 32 31 106
57 24 25 106
61 44 1 106
29 21 56 106
39 3 64 106
42 37 27 106
41 7 59 107
72 5 30 107
9 82 16 107
28 53 26 107
61 3 43 107
48 49 10 107
5 40 62 107
5 64 38 107
30 59 18 107
49 6 52 107
18 30 59 107
3 41 63 107
59 29 19 107
10 63 34 107
53 1 53 107
22 6 79 107
30 40 37 107
48 51 8 107
7 96 4 107
50 48 9 107
39 67 1 107
11 73 23 107
32 35 40 107
19 69 19 107
42 15 50 107
48 15 44 107
27 42 38 107
19 73 15 107
2 55 50 107
64 28 15 107
6 9 92 107
29 62 16 107
33 26 49 108
8 23 77 108
46 26 36 108
30 19 59 108
34 9 65 108
32 13 63 108
6 96 6 108
21 14 73 108
17 32 59 108
7 10 91 108
60 42 6 108
27 67 14 108
23 26 59 108
19 56 33 108
81 26 1 108
38 51 19 108
91 10 7 108
9 20 79 108
12 59 37 108
25 74 9 108
83 8 17 108
76 25 7 108
48 36 24 108
78 23 7 108
6 8 94 108
4 8 96 108
11 84 13 108
8 69 31 108
83 20 5 108
59 5 44 108
1 88 19 108
19 83 6 108
25 56 27 108
17 1 90 108
90 12 7 109
2 53 54 109
94 8 7 109
52 42 15 109
18 19 72 109
34 44 31 109
39 16 54 109
56 1 52 109
50 37 22 109
54 34 21 109
21 65 23 109
100 2 7 109
58 47 4 109
47 9 53 109
12 10 87 109
85 21 3 109
74 15 20 109
37 9 63 109
11 1 97 109
69 23 17 109
43 9 57 109
88 9 12 109
53 27 29 109
60 43 6 109
15 20 74 109
96 6 7 109
3 72 34 109
4 62 43 109
31 34 44 109
56 50 3 109
23 67 19 109
74 3 32 109
91 11 7 109
90 12 7 109
64 38 7 109
58 7 44 109
16 93 1 110
8 38 64 110
11 29 70 110
46 22 42 110
73 8 29 110
22 30 58 110
20 59 31 110
66 42 2 110
22 4 84 110
5 61 44 110
12 86 12 110
19 79 12 110
37 38 35 110
5 35 70 110
62 21 27 110
52 38 20 110
12 26 72 110
32 26 52 110
21 44 45 110
36 61 13 110
16 65 29 110
30 69 11 110
32 73 5 110
3 40 67 110
70 25 15 110
11 16 83 110
48 51 11 110
70 21 19 110
47 6 57 110
16 17 77 110
5 33 73 111
64 15 32 111
25 72 14 111
52 18 41 111
3 81 27 111
44 58 9 111
34 23 54 111
1 70 40 111
37 73 1 111
40 56 15 111
44 39 28 111
67 4 40 111
26 65 20 111
5 45 61 111
24 15 72 111
13 60 38 111
7 55 49 111
27 70 14 111
18 9 84 111
50 40 21 111
47 9 55 111
46 32 33 111
4 71 36 111
13 71 27 111
34 26 51 111
1 49 61 111
57 6 48 111
90 14 7 111
13 95 3 111
9 56 46 111
27 57 27 111
97 7 7 111
24 67 20 111
25 1 85 111
49 44 18 111
11 11 89 111
26 75 10 111
48 60 3 111
73 17 21 111
24 7 80 111
16 94 1 111
1 15 96 112
3 28 81 112
24 38 50 112
33 75 4 112
20 14 78 112
35 62 15 112
85 4 23 112
31 10 71 112
89 15 8 112
18 75 19 112
20 24 68 112
56 8 48 112
28 66 18 112
28 51 33 112
42 53 17 112
57 7 48 112
9 34 69 112
38 14 60 112
13 6 93 112
59 35 18 112
52 37 23 112
77 5 30 112
30 35 47 112
16 7 89 112
21 79 12 112
26 78 8 112
27 29 56 112
79 32 1 112
34 59 19 112
46 12 54 112
14 63 35 112
29 63 20 112
57 19 36 112
16 37 59 112
21 84 7 112
55 51 6 112
18 14 81 113
43 51 19 113
19 45 49 113
41 41 31 113
2 28 83 113
91 19 3 113
27 40 46 113
18 53 42 113
88 8 17 113
8 35 70 113
99 1 13 113
37 9 67 113
20 33 60 113
45 42 26 113
25 19 69 113
69 39 5 113
24 32 57 113
20 15 78 113
30 54 29 113
20 63 30 113
29 55 29 113
32 21 60 113
65 28 20 113
63 19 31 113
54 56 3 113
63 1 49 113
54 9 50 113
24 65 24 113
92 13 8 113
39 2 72 113
27 61 25 113
12 24 77 113
78 11 24 113
30 72 11 113
72 32 9 113
34 32 47 113
15 25 73 113
20 21 72 113
13 77 23 113
9 24 80 113
61 3 49 113
10 14 89 113
32 72 9 113
26 25 62 113
44 8 61 113
14 33 66 113
82 7 24 113
2 38 73 113
12 90 11 113
13 97 3 113
43 55 16 114
24 63 27 114
21 92 1 114
42 69 3 114
32 38 44 114
11 65 38 114
4 62 48 114
90 11 13 114
99 11 4 114
40 22 52 114
34 53 27 114
48 10 56 114
9 95 10 114
10 9 95 114
1 37 76 114
52 14 48 114
36 32 46 114
17 27 70 114
39 16 59 114
21 44 49 114
14 46 54 114
81 14 19 114
19 46 49 114
14 70 30 114
65 6 43 114
83 21 10 114
5 64 45 114
21 22 71 114
42 67 5 114
62 48 4 114
58 25 31 114
27 12 75 114
61 2 51 114
41 55 18 114
28 9 78 115
50 16 49 115
42 38 35 115
25 24 66 115
21 9 85 115
1 29 85 115
8 40 67 115
16 90 9 115
37 25 53 115
31 30 54 115
44 35 36 115
18 52 45 115
50 50 15 115
48 45 22 115
8 34 73 115
30 68 17 115
73 25 17 115
71 24 20 115
9 21 85 115
50 59 6 115
48 51 16 115
50 9 56 115
57 40 18 115
18 46 51 115
3 38 74 115
79 13 23 115
50 43 22 115
19 66 30 115
32 52 31 115
9 49 58 116
59 4 53 116
81 17 18 116
17 13 86 116
33 61 22 116
31 29 56 116
14 36 66 116
30 63 23 116
11 89 16 116
66 43 7 116
75 33 8 116
37 42 37 116
47 49 20 116
20 33 63 116
44 10 62 116
70 39 7 116
21 15 80 116
13 24 79 116
3 44 69 116
44 51 21 116
33 35 48 116
30 49 37 116
22 12 82 116
52 59 5 116
20 20 76 116
18 87 11 116
86 24 6 116
49 66 1 116
47 25 44 116
50 55 11 116
10 60 46 116
94 15 7 116
21 81 14 116
24 44 48 116
11 25 80 116
24 36 56 116
18 58 40 116
25 17 74 116
69 37 10 116
22 78 16 116
16 61 39 116
53 51 12 116
23 45 48 116
40 12 65 117
34 49 34 117
13 97 7 117
24 65 28 117
99 8 10 117
5 100 12 117
19 78 20 117
8 94 15 117
11 90 16 117
51 25 41 117
39 30 48 117
5 19 93 117
40 62 15 117
56 11 50 117
39 9 69 117
72 22 23 117
14 94 9 117
46 29 42 117
32 82 3 117
91 13 13 117
47 42 28 117
53 7 57 117
92 11 14 117
67 7 43 117
15 25 77 117
17 36 64 117
44 37 36 117
36 61 20 117
52 1 64 117
45 24 48 117
47 54 16 117
31 26 60 117
21 58 38 117
37 48 32 117
81 33 3 117
56 19 43 118
33 74 11 118
19 49 50 118
5 91 22 118
21 75 22 118
64 40 14 118
65 7 46 118
19 37 62 118
15 26 77 118
21 7 90 118
25 25 68 118
12 47 59 118
53 13 52 118
35 50 33 118
63 2 53 118
80 16 22 118
14 93 11 118
41 56 21 118
46 14 58 118
54 56 8 118
29 19 70 118
24 19 75 118
7 73 38 118
63 50 5 118
93 16 9 118
62 1 55 118
68 13 37 118
48 43 27 118
12 42 64 118
59 12 47 118
38 70 10 118
10 43 65 118
29 37 52 118
1 24 93 118
10 60 48 118
52 49 17 118
39 39 40 118
67 35 16 118
88 15 15 118
36 45 37 118
22 60 36 118
5 76 37 118
36 19 64 119
22 48 49 119
44 8 67 119
11 91 17 119
27 35 57 119
10 12 97 119
40 39 40 119
19 94 6 119
16 80 23 119
3 16 100 119
27 49 43 119
59 46 14 119
27 6 86 119
75 38 6 119
24 87 8 119
46 26 47 119
6 41 72 119
64 30 25 119
31 41 47 119
19 50 50 119
9 99 11 119
23 28 68 119
63 3 53 119
34 44 41 119
36 30 53 119
71 15 33 119
18 44 57 119
14 27 78 119
55 46 18 119
43 35 41 119
15 35 69 119
49 11 59 119
37 34 48 119
84 1 34 119
60 47 12 119
52 59 8 119
60 19 41 120
82 8 30 120
63 29 28 120
7 37 76 120
56 14 50 120
75 36 9 120
30 36 54 120
37 47 36 120
16 12 92 120
3 45 72 120
63 47 10 120
7 96 17 120
27 65 28 120
75 12 33 120
16 93 11 120
5 71 44 120
94 3 23 120
44 44 32 120
14 49 57 120
8 55 57 120
11 62 47 120
31 1 88 120
54 1 65 120
4 49 67 120
48 34 38 120
22 96 2 120
22 83 15 120
13 71 36 120
30 82 8 120
69 35 16 120
5 73 42 120
22 25 73 120
28 37 55 120
50 44 26 120
78 18 24 120
89 4 27 120
32 66 22 120
70 44 6 120
61 3 56 120
11 10 99 120
40 26 55 121
82 30 9 121
67 32 22 121
50 50 21 121
49 7 65 121
30 60 31 121
19 28 74 121
31 20 70 121
9 49 63 121
18 70 33 121
49 30 42 121
14 97 10 121
19 48 54 121
16 11 94 121
51 46 24 121
44 26 51 121
23 20 78 121
28 80 13 121
32 39 50 121
32 66 23 121
38 66 17 121
20 98 3 121
46 72 3 121
73 10 38 121
83 4 34 121
2 78 41 121
35 77 9 121
12 55 54 121
91 3 27 121
49 22 50 121
33 18 70 121
19 36 66 121
72 38 11 121
7 96 18 121
50 14 57 121
18 9 94 121
54 4 63 121
28 73 20 121
75 24 22 121
17 82 22 121
38 75 8 121
24 39 58 121
50 46 25 121
88 14 19 121
8 44 69 121
54 46 21 121
88 5 28 121
25 72 24 121
18 48 56 122
14 40 68 122
78 9 35 122
28 21 73 122
27 50 45 122
84 35 3 122
72 20 30 122
71 21 30 122
69 33 20 122
95 23 4 122
77 1 44 122
23 70 29 122
45 74 3 122
66 32 24 122
18 28 76 122
32 13 77 122
36 4 82 122
21 87 14 122
30 80 12 122
61 11 50 122
12 100 10 122
55 33 34 122
34 58 30 122
55 4 63 122
17 77 28 122
20 85 17 122
52 31 39 122
63 41 18 122
59 9 54 122
90 20 12 122
30 60 32 122
6 47 69 122
57 2 63 122
34 49 39 122
76 19 27 122
22 19 81 122
68 34 20 122
48 52 22 122
19 18 86 123
62 5 56 123
52 7 64 123
46 29 48 123
70 34 19 123
18 6 99 123
62 1 60 123
39 77 7 123
44 65 14 123
50 31 42 123
7 94 22 123
3 88 32 123
71 44 8 123
43 51 29 123
63 43 17 123
77 12 34 123
74 4 45 123
40 32 51 123
75 31 17 123
31 21 71 123
44 48 31 123
46 54 23 123
11 89 23 123
20 31 72 123
45 4 74 123
30 89 4 123
4 65 54 123
53 50 20 123
14 43 66 123
76 38 9 123
37 31 55 123
81 32 10 123
30 17 76 123
23 26 74 123
67 18 38 123
69 13 41 123
70 21 32 123
76 11 37 124
3 24 97 124
16 75 33 124
76 27 21 124
64 51 9 124
54 27 43 124
53 40 31 124
68 4 52 124
3 58 63 124
16 64 44 124
55 7 62 124
12 87 25 124
46 11 67 124
54 13 57 124
67 28 29 124
29 53 42 124
7 91 26 124
32 32 60 124
61 41 22 124
64 54 6 124
25 98 1 124
32 62 30 124
52 22 50 124
34 41 49 124
4 91 29 124
77 20 27 124
23 44 57 124
12 23 89 124
60 44 20 124
41 48 35 124
45 77 2 124
76 36 12 124
43 4 77 124
37 75 12 124
16 24 84 124
44 43 37 124
62 50 12 124
45 23 56 124
71 25 28 124
42 1 81 124
39 64 21 124
69 14 41 124
11 65 48 124
57 37 31 125
69 42 14 125
37 26 62 125
21 74 30 125
12 97 16 125
46 46 33 125
80 9 36 125
70 46 9 125
42 35 48 125
49 30 46 125
2 51 72 125
77 26 22 125
9 88 28 125
64 24 37 125
64 36 25 125
61 45 19 125
12 78 35 125
65 59 1 125
20 46 59 125
2 25 98 125
58 63 4 125
34 11 80 125
36 73 16 125
29 30 66 125
47 9 69 125
89 21 15 125
31 79 15 125
48 4 73 125
15 55 55 125
79 10 36 125
45 55 25 125
83 11 31 125
61 38 26 125
67 16 42 125
59 21 45 125
63 41 21 125
7 24 95 126
35 87 4 126
39 23 64 126
2 98 26 126
8 100 18 126
44 23 59 126
47 42 37 126
58 59 9 126
41 2 83 126
16 98 12 126
24 22 80 126
91 24 11 126
22 76 28 126
59 1 66 126
29 60 37 126
1 96 29 126
49 48 29 126
24 20 82 126
55 59 12 126
70 38 18 126
8 94 24 126
40 23 63 126
79 32 15 126
67 4 55 126
34 32 60 126
77 40 9 126
13 81 32 126
65 2 59 126
12 19 95 126
79 28 19 126
72 39 15 126
21 59 46 126
38 2 86 126
24 40 62 126
91 14 21 126
26 30 70 126
84 20 22 126
53 4 69 126
59 59 8 126
88 8 30 126
61 58 7 126
68 44 14 126
55 22 49 126
35 62 30 127
22 95 10 127
64 21 42 127
14 13 100 127
47 25 55 127
15 89 23 127
3 36 88 127
56 4 67 127
28 88 11 127
24 52 51 127
70 19 38 127
6 68 53 127
58 45 24 127
62 42 23 127
18 67 42 127
76 50 1 127
38 52 37 127
38 75 14 127
52 59 16 127
46 38 43 127
22 91 14 127
16 83 28 127
7 94 26 127
13 61 53 127
6 45 76 127
67 54 6 127
69 34 24 127
20 18 89 127
19 92 16 127
30 84 13 127
22 54 51 127
26 64 37 127
24 78 25 127
38 28 61 127
11 72 44 127
23 46 58 127
20 56 51 127
81 12 34 127
66 41 20 127
21 68 38 127
2 67 58 127
48 50 29 127
28 6 93 127
39 48 40 127
53 64 11 128
30 62 36 128
15 53 60 128
87 29 12 128
20 66 42 128
26 33 69 128
34 31 63 128
66 40 22 128
17 85 26 128
22 14 92 128
96 25 7 128
17 64 47 128
4 84 40 128
68 36 24 128
55 33 40 128
29 57 42 128
16 52 60 128
6 89 33 128
42 10 76 128
75 12 41 128
3 32 93 128
43 51 34 128
58 20 50 128
29 42 57 128
21 64 43 128
80 28 20 128
91 3 34 128
38 52 38 128
36 31 61 128
22 6 100 128
84 10 34 128
72 35 21 128
8 40 80 128
62 32 34 128
13 68 47 128
64 47 17 128
40 20 68 128
10 84 34 128
78 13 37 128
35 56 37 128
28 69 31 128
24 41 63 128
7 59 62 128
60 45 24 129
55 26 48 129
82 27 20 129
96 17 16 129
87 29 13 129
61 65 3 129
7 85 37 129
10 87 32 129
9 26 94 129
15 55 59 129
54 48 27 129
28 96 5 129
24 40 65 129
50 55 24 129
33 87 9 129
37 30 62 129
30 71 28 129
26 38 65 129
79 29 21 129
60 11 58 129
30 7 92 129
3 69 57 129
20 62 47 129
51 19 59 129
12 82 35 129
75 31 23 129
84 39 6 129
32 31 66 129
11 91 27 129
42 30 57 129
62 28 39 129
34 2 93 129
55 58 16 129
66 56 7 129
5 99 26 130
55 24 51 130
61 55 14 130
83 5 42 130
10 25 95 130
85 37 8 130
17 30 83 130
95 23 12 130
52 53 25 130
76 19 35 130
62 55 13 130
20 79 31 130
76 35 19 130
51 74 5 130
48 36 46 130
69 1 60 130
15 62 53 130
33 38 59 130
70 35 25 130
20 13 97 130
73 18 39 130
70 29 31 130
29 12 89 130
65 50 15 130
81 43 6 130
48 8 74 130
88 4 38 130
26 31 73 130
84 37 9 130
39 73 18 130
40 17 73 130
70 30 30 130
45 39 46 130
43 50 37 130
18 26 86 130
35 94 1 130
68 60 2 130
75 11 44 130
5 47 78 130
28 6 96 130
55 58 17 130
15 50 65 130
61 13 56 130
31 78 22 131
55 22 54 131
1 86 44 131
79 12 40 131
84 40 7 131
41 47 43 131
22 26 83 131
13 23 95 131
54 31 46 131
37 93 1 131
7 29 95 131
21 34 76 131
22 90 19 131
31 84 16 131
15 86 30 131
21 58 52 131
78 33 20 131
49 27 55 131
33 91 7 131
38 11 82 131
31 1 99 131
79 2 50 131
57 69 5 131
40 5 86 131
63 11 57 131
12 68 51 131
76 51 4 131
51 31 49 131
41 22 68 131
12 59 60 131
2 48 81 131
54 28 49 131
13 56 62 131
26 70 35 131
67 57 7 131
93 12 26 131
43 12 76 131
1 92 38 131
29 73 30 132
49 17 66 132
10 22 100 132
51 19 62 132
12 22 98 132
82 32 18 132
90 27 15 132
89 6 37 132
43 61 28 132
75 34 23 132
15 43 74 132
9 59 64 132
4 41 87 132
33 80 19 132
86 8 38 132
87 2 43 132
50 71 11 132
99 29 4 132
66 41 25 132
87 2 43 132
62 32 38 132
87 41 4 132
96 33 3 132
37 93 2 132
64 8 60 132
41 20 71 132
98 30 4 132
17 90 25 132
20 37 75 132
25 51 56 132
74 48 10 132
33 78 21 132
31 27 74 132
45 32 55 132
33 13 86 132
26 54 52 132
14 76 42 132
24 47 61 132
50 47 35 132
71 48 13 132
6 77 49 132
83 46 3 132
38 88 6 132
37 79 16 132
90 25 17 132
77 52 4 133
49 15 69 133
4 64 65 133
81 3 49 133
28 68 37 133
68 20 45 133
7 98 28 133
33 12 88 133
25 23 85 133
40 31 62 133
74 50 9 133
15 84 34 133
29 86 18 133
60 10 63 133
27 41 65 133
25 51 57 133
73 44 16 133
13 98 22 133
41 27 65 133
6 47 80 133
72 43 18 133
31 80 22 133
57 51 25 133
9 66 58 133
9 55 69 133
4 95 34 133
42 36 55 133
8 52 73 133
48 36 49 133
46 59 28 133
59 42 32 133
56 39 38 133
36 82 15 133
99 13 21 133
63 57 13 133
24 23 86 133
72 52 9 133
48 83 2 133
19 97 17 133
36 84 14 134
62 17 55 134
17 81 36 134
32 22 80 134
65 46 23 134
7 99 28 134
33 34 67 134
53 71 10 134
10 37 87 134
19 20 95 134
77 17 40 134
44 6 84 134
1 72 61 134
36 18 80 134
1 68 65 134
38 56 40 134
64 69 1 134
51 73 10 134
9 72 53 134
20 62 52 134
26 61 47 134
59 8 67 134
34 10 90 134
81 33 20 134
20 24 90 134
41 14 79 134
31 25 78 134
15 59 60 134
15 51 68 134
17 89 28 134
73 24 37 134
78 14 42 134
72 6 56 134
38 76 20 134
78 15 41 134
11 38 85 134
15 72 47 134
31 17 86 134
27 42 65 134
61 17 56 134
17 95 22 134
70 54 10 134
24 40 70 134
3 91 40 134
61 49 25 135
58 8 69 135
29 58 48 135
79 44 12 135
42 80 13 135
53 62 20 135
5 44 86 135
72 23 40 135
30 84 21 135
8 48 79 135
44 41 50 135
97 30 8 135
74 57 4 135
97 19 19 135
31 72 32 135
55 43 37 135
59 63 13 135
40 66 29 135
85 12 38 135
84 23 28 135
19 23 93 135
64 66 5 135
37 43 55 135
67 9 59 135
69 48 18 135
5 90 40 135
6 42 87 135
2 68 65 135
50 59 26 135
69 53 13 135
30 75 30 135
36 42 57 135
60 44 31 135
68 47 20 135
2 66 67 135
41 2 92 135
12 53 70 135
92 35 8 135
17 49 69 135
29 44 62 135
99 13 23 135
43 76 16 135
70 60 5 135
27 78 30 135
79 17 39 135
57 22 56 135
26 49 60 135
52 56 27 135
39 3 93 135
11 94 31 136
93 40 3 136
72 34 30 136
50 42 44 136
15 92 29 136
62 58 16 136
58 40 38 136
30 98 8 136
20 66 50 136
59 38 39 136
7 51 78 136
66 65 5 136
33 52 51 136
18 29 89 136
26 67 43 136
8 50 78 136
10 61 65 136
57 72 7 136
61 26 49 136
65 40 31 136
85 6 45 136
78 8 50 136
2 95 39 136
67 62 7 136
82 23 31 136
92 5 39 136
44 75 17 136
26 34 76 136
58 63 15 136
23 48 65 136
29 54 53 136
4 40 92 136
3 40 93 136
54 28 54 136
71 30 35 136
64 55 17 136
54 60 22 136
61 53 22 136
31 55 50 136
45 68 23 136
95 16 26 137
30 75 32 137
9 68 60 137
75 11 51 137
65 67 5 137
7 31 99 137
18 26 93 137
12 25 100 137
14 39 84 137
15 60 62 137
23 63 51 137
48 2 87 137
53 36 48 137
66 33 38 137
63 8 66 137
15 95 27 137
41 32 64 137
17 92 28 137
14 89 34 137
42 39 56 137
88 39 10 137
61 67 9 137
11 45 81 137
45 31 61 137
29 82 26 137
59 48 30 137
23 68 46 137
71 49 17 137
96 40 1 137
39 61 37 137
40 37 60 137
8 49 80 137
70 24 43 137
89 6 42 137
51 24 62 137
97 36 4 137
95 26 16 137
94 13 30 137
75 19 43 137
58 46 33 137
24 49 64 137
72 6 59 137
15 41 81 137
18 52 67 137
95 7 35 137
45 6 87 138
34 95 9 138
48 1 89 138
33 58 47 138
55 36 47 138
11 92 35 138
42 63 33 138
26 26 86 138
95 12 31 138
3 75 60 138
95 10 33 138
61 52 25 138
43 64 31 138
27 80 31 138
82 2 54 138
42 66 30 138
77 36 25 138
88 47 3 138
1 58 79 138
83 1 54 138
46 24 68 138
29 16 93 138
38 94 6 138
72 44 22 138
19 42 77 138
34 73 31 138
65 67 6 138
33 9 96 138
46 44 48 138
95 35 8 138
53 48 37 138
50 10 78 138
85 29 24 138
46 34 58 138
50 79 9 138
44 24 70 138
38 75 25 138
95 21 22 138
4 83 51 138
97 5 36 138
18 20 100 138
33 88 17 138
33 62 43 138
38 30 70 138
8 70 60 138
73 50 15 138
7 34 97 138
5 73 60 138
46 86 7 139
96 41 2 139
30 59 50 139
32 26 81 139
9 78 52 139
8 66 65 139
41 2 96 139
61 11 67 139
32 10 97 139
68 22 49 139
43 16 80 139
27 35 77 139
34 77 28 139
13 84 42 139
23 78 38 139
100 12 27 139
93 36 10 139
69 25 45 139
32 14 93 139
19 98 22 139
82 2 55 139
79 25 35 139
17 36 86 139
19 90 30 139
48 73 18 139
63 67 9 139
93 17 29 139
90 6 43 139
45 42 52 139
80 53 6 139
39 2 98 139
31 74 34 139
7 49 83 139
46 34 59 139
13 34 92 139
91 1 47 139
94 12 33 139
61 53 25 139
53 53 33 139
18 70 51 139
20 96 23 139
76 21 42 139
62 7 70 139
31 22 86 139
29 53 57 139
50 46 43 139
71 43 25 139
79 8 53 140
63 76 1 140
14 86 40 140
97 18 25 140
23 56 61 140
76 6 58 140
32 37 71 140
20 92 28 140
75 62 3 140
79 16 45 140
96 10 34 140
66 24 50 140
48 41 51 140
13 41 86 140
12 47 81 140
35 64 41 140
52 28 60 140
3 95 42 140
62 76 2 140
13 66 61 140
35 52 53 140
27 61 52 140
27 22 91 140
52 57 31 140
7 88 45 140
16 60 64 140
21 43 76 140
66 51 23 140
48 22 70 140
3 96 41 140
19 64 57 140
14 36 90 140
51 66 23 140
65 20 55 140
29 67 44 140
39 8 93 140
42 10 88 140
35 30 75 140
69 58 13 140
4 69 67 140
81 12 47 140
7 52 81 140
43 88 9 140
75 30 35 140
82 17 41 140
37 49 55 141
55 64 22 141
9 74 58 141
45 56 40 141
7 45 89 141
56 51 34 141
34 91 16 141
20 54 67 141
13 58 70 141
74 36 31 141
48 7 86 141
4 86 51 141
89 40 12 141
44 18 79 141
17 38 86 141
19 100 22 141
37 69 35 141
41 16 84 141
16 31 94 141
45 17 79 141
65 1 75 141
53 21 67 141
71 24 46 141
74 13 54 141
3 65 73 141
79 17 45 141
10 50 81 141
96 25 20 141
5 74 62 141
88 50 3 141
29 72 40 141
39 18 84 141
9 35 97 141
42 18 81 141
42 59 40 141
92 12 37 141
72 61 8 141
28 91 22 141
46 88 7 141
62 20 59 141
49 76 16 141
85 52 4 141
85 42 14 141
67 40 34 141
32 82 27 141
59 81 1 141
54 13 74 141
62 1 78 141
21 84 36 141
2 93 47 142
14 49 79 142
41 48 53 142
19 71 52 142
43 23 76 142
73 12 57 142
99 7 36 142
81 45 16 142
49 40 53 142
60 60 22 142
11 55 76 142
11 73 58 142
65 12 65 142
64 58 20 142
37 47 58 142
35 84 23 142
26 59 57 142
55 76 11 142
64 42 36 142
28 72 42 142
96 43 3 142
52 3 87 142
41 26 75 142
15 60 67 142
31 18 93 142
41 86 15 142
31 84 27 142
37 31 74 142
33 87 22 142
44 52 46 142
46 60 36 142
3 81 58 142
19 87 36 142
32 35 75 142
47 23 72 142
82 23 37 142
87 48 7 142
45 3 94 142
36 70 36 142
63 78 1 142
12 77 53 142
9 96 37 142
43 77 22 142
59 17 66 142
23 75 44 142
17 28 97 142
37 73 33 143
50 16 77 143
48 67 28 143
32 14 97 143
8 50 85 143
53 27 63 143
52 23 68 143
45 16 82 143
47 88 8 143
32 41 70 143
83 36 24 143
52 43 48 143
69 9 65 143
46 52 45 143
8 41 94 143
9 61 73 143
89 28 26 143
64 35 44 143
46 72 25 143
54 47 42 143
92 20 31 143
36 92 15 143
62 13 68 143
32 70 41 143
26 87 30 143
18 72 53 143
20 100 23 143
41 59 43 143
97 45 1 143
46 61 36 143
40 80 23 143
28 51 64 143
5 65 73 143
33 46 64 143
22 65 56 143
87 42 14 143
60 2 81 143
90 20 33 143
85 27 32 144
10 89 45 144
66 9 69 144
54 23 67 144
73 28 43 144
34 54 56 144
9 74 61 144
80 47 17 144
43 35 66 144
57 12 75 144
12 67 65 144
70 72 2 144
56 81 7 144
24 54 66 144
20 56 68 144
1 75 68 144
97 41 6 144
47 29 68 144
17 67 60 144
6 85 53 144
1 44 99 144
84 4 56 144
9 36 99 144
77 52 15 144
62 5 77 144
37 71 36 144
45 88 11 144
32 57 55 144
73 49 22 144
15 98 31 144
59 27 58 144
58 63 23 144
56 20 68 144
68 20 56 144
80 15 49 144
62 50 32 144
55 74 15 144
34 81 29 144
24 71 49 144
38 70 36 144
25 93 27 145
28 63 54 145
74 20 51 145
76 22 47 145
42 75 28 145
70 48 27 145
68 60 17 145
8 67 70 145
84 59 2 145
66 58 21 145
74 11 60 145
38 37 70 145
41 47 57 145
41 45 59 145
67 58 20 145
51 18 76 145
85 45 15 145
43 16 86 145
66 30 49 145
40 56 49 145
31 20 94 145
76 67 2 145
86 49 10 145
56 32 57 145
43 14 88 145
71 56 18 145
83 55 7 145
46 93 6 145
40 91 14 145
64 31 50 145
41 31 73 145
80 37 28 145
71 7 67 145
64 67 14 145
74 52 19 145
36 51 58 145
97 23 25 145
29 65 51 145
61 26 58 145
8 79 58 145
33 100 12 145
18 67 60 145
96 13 36 145
59 30 56 145
68 26 51 145
30 33 82 145
32 58 55 145
70 64 11 145
54 78 13 145
49 59 37 145
61 41 43 145
73 63 9 145
52 20 73 145
31 24 90 145
49 50 47 146
50 60 36 146
61 74 11 146
51 47 48 146
57 88 1 146
14 94 38 146
10 66 70 146
59 63 24 146
23 73 50 146
31 69 46 146
69 46 31 146
3 74 69 146
53 92 1 146
30 42 74 146
10 86 50 146
3 48 95 146
7 86 53 146
38 97 11 146
97 47 2 146
43 96 7 146
52 76 18 146
96 29 21 146
87 52 7 146
9 92 45 146
41 67 38 146
13 71 62 146
5 80 61 146
15 40 91 146
31 74 41 146
51 9 86 146
31 18 97 146
17 94 35 146
11 52 83 146
84 43 19 146
89 43 15 147
91 52 4 147
55 2 90 147
25 47 75 147
9 91 47 147
14 38 95 147
65 2 80 147
40 52 55 147
27 74 46 147
57 38 52 147
84 52 11 147
45 37 65 147
47 97 3 147
22 47 78 147
51 26 70 147
80 32 35 147
23 45 79 147
77 43 27 147
97 44 6 147
12 84 51 147
14 48 85 147
38 71 38 147
8 60 79 147
85 51 11 147
46 96 5 147
20 46 81 147
43 46 58 147
70 43 34 147
50 27 70 147
87 26 34 147
98 44 5 147
68 5 74 147
24 92 31 147
48 98 1 147
18 40 89 147
6 95 46 147
100 16 31 147
43 96 8 147
35 57 56 148
40 97 11 148
22 30 96 148
16 46 86 148
24 98 26 148
10 82 56 148
33 40 75 148
20 48 80 148
77 38 33 148
58 40 50 148
57 8 83 148
30 53 65 148
83 50 15 148
62 32 54 148
47 19 82 148
35 68 45 148
99 28 21 148
68 36 44 148
86 42 20 148
52 42 54 148
69 7 72 148
26 70 52 148
32 35 81 148
41 70 37 148
52 64 32 148
49 44 55 148
78 42 28 148
11 65 72 148
76 58 14 148
34 25 89 148
8 94 46 148
69 3 76 148
45 57 46 148
41 70 37 148
30 37 81 148
56 68 24 148
84 37 27 148
73 35 40 148
45 48 55 148
52 7 89 148
17 55 76 148
45 89 14 148
40 55 53 148
96 39 13 148
54 84 10 148
53 47 48 148
61 26 61 148
31 96 21 148
90 51 7 148
42 86 20 148
24 76 48 148
16 57 75 148
3 96 50 149
78 29 42 149
52 77 20 149
73 45 31 149
48 29 72 149
91 47 11 149
57 22 70 149
74 22 53 149
69 77 3 149
17 88 44 149
24 67 58 149
53 24 72 149
43 74 32 149
10 63 76 149
71 72 6 149
88 13 48 149
98 9 42 149
39 48 62 149
98 35 16 149
27 38 84 149
53 58 38 149
27 34 88 149
17 77 55 149
53 40 56 149
63 40 46 149
59 46 44 149
16 64 69 149
23 44 82 149
82 57 10 149
42 28 79 149
45 33 71 149
42 48 59 149
49 21 79 149
89 32 28 149
91 38 20 149
17 57 75 149
1 57 92 150
18 65 67 150
99 29 22 150
42 13 95 150
20 63 67 150
34 86 30 150
23 35 92 150
61 76 13 150
67 10 73 150
54 73 23 150
44 13 93 150
56 75 19 150
7 100 43 150
37 16 97 150
51 81 18 150
26 91 33 150
40 38 72 150
11 70 69 150
25 40 85 150
45 72 33 150
34 29 87 150
33 58 59 150
80 53 17 150
16 50 84 150
35 99 16 150
16 57 77 150
9 69 72 150
78 63 9 150
70 56 24 150
87 29 34 150
17 64 69 150
74 26 50 150
45 24 81 150
26 78 46 150
34 18 98 150
75 39 36 150
37 41 72 150
6 69 75 150
88 44 18 150
64 29 57 150
40 18 92 150
45 89 16 150
4 69 77 150
77 68 6 151
61 35 55 151
93 50 8 151
61 68 22 151
60 71 20 151
23 78 50 151
44 68 39 151
23 62 66 151
65 74 12 151
89 30 32 151
50 90 11 151
27 69 55 151
6 48 97 151
12 90 49 151
13 80 58 151
61 38 52 151
48 7 96 151
99 33 19 151
97 15 39 151
53 32 66 151
28 52 71 151
77 47 27 151
48 3 100 151
44 72 35 151
10 55 86 151
58 15 78 151
45 66 40 151
78 52 21 151
49 52 50 151
63 13 75 151
100 49 2 151
47 86 18 151
25 57 69 151
44 85 22 151
58 63 30 151
99 14 38 151
20 92 39 151
66 19 66 151
59 48 44 151
55 8 89 152
47 20 85 152
14 45 93 152
88 20 44 152
67 28 57 152
94 26 32 152
58 54 40 152
12 44 96 152
41 62 49 152
38 83 31 152
9 98 45 152
6 92 54 152
33 83 36 152
94 38 20 152
67 25 60 152
26 41 85 152
89 13 50 152
15 60 77 152
48 16 88 152
91 57 4 152
45 49 58 152
59 1 92 152
23 62 67 152
1 56 95 152
62 12 78 152
46 53 53 152
54 37 61 152
93 50 9 152
83 63 6 152
49 96 7 152
57 54 41 152
39 99 14 152
84 20 48 152
60 46 46 152
4 68 80 152
55 35 62 152
18 72 62 152
80 3 70 153
76 66 11 153
11 86 56 153
61 76 16 153
38 100 15 153
24 94 35 153
73 46 34 153
65 16 72 153
52 72 29 153
52 28 73 153
80 52 21 153
12 41 100 153
22 37 94 153
77 62 14 153
68 2 83 153
76 4 73 153
71 51 31 153
58 30 65 153
59 62 32 153
1 73 79 153
54 55 44 153
90 4 59 153
54 91 8 153
11 77 65 153
24 93 36 153
89 26 38 153
58 61 34 153
55 10 88 153
16 71 66 153
31 59 63 153
52 22 79 153
2 97 54 153
51 36 66 153
51 82 20 153
15 73 65 153
30 90 33 153
8 59 86 153
50 81 22 153
81 60 12 153
49 8 96 153
11 59 83 153
64 28 61 153
70 4 79 153
29 75 49 153
55 69 29 153
36 31 86 153
31 28 94 153
12 98 43 153
70 74 9 153
65 12 76 153
65 62 26 153
97 10 46 153
7 58 88 153
41 87 26 154
33 87 34 154
43 89 22 154
64 65 25 154
61 76 17 154
33 31 90 154
51 78 25 154
57 75 22 154
60 86 8 154
32 37 85 154
80 25 49 154
72 13 69 154
97 47 10 154
11 93 50 154
25 73 56 154
73 78 3 154
56 58 40 154
85 53 16 154
26 69 59 154
74 51 29 154
81 21 52 154
57 25 72 154
61 6 87 154
13 73 68 154
29 79 46 154
30 80 44 154
88 53 13 154
87 56 11 154
13 78 63 154
20 55 79 154
57 20 77 154
78 34 42 154
36 73 45 154
77 64 13 154
24 90 40 154
72 35 47 154
30 63 61 154
49 37 68 154
51 25 78 154
77 16 61 154
10 90 54 154
75 51 28 154
61 33 60 154
19 74 61 154
29 88 38 155
95 26 34 155
80 37 38 155
30 52 73 155
70 43 42 155
40 43 72 155
85 27 43 155
91 38 26 155
25 81 49 155
58 94 3 155
40 82 33 155
75 50 30 155
61 49 45 155
14 86 55 155
11 49 95 155
90 4 61 155
74 22 59 155
91 49 15 155
57 78 20 155
70 67 18 155
28 83 44 155
8 85 62 155
70 60 25 155
36 47 72 155
79 2 74 155
87 59 9 155
30 68 57 155
37 81 37 155
60 74 21 155
100 20 35 155
87 55 13 155
93 59 3 155
46 88 21 155
51 100 4 155
84 65 6 155
56 21 78 155
97 48 10 155
43 46 66 155
97 22 37 156
5 64 87 156
19 83 54 156
55 93 8 156
80 38 38 156
77 18 61 156
9 72 75 156
51 91 14 156
61 33 62 156
49 61 46 156
72 54 30 156
36 52 68 156
59 4 93 156
20 43 93 156
45 66 45 156
74 68 14 156
63 7 86 156
70 54 32 156
15 58 83 156
58 48 50 156
30 82 44 156
17 71 68 156
83 56 17 156
66 13 77 156
66 28 62 156
75 48 33 156
27 45 84 156
67 15 74 156
92 50 14 156
62 36 58 156
63 9 84 156
39 58 59 156
65 86 5 156
60 8 88 156
66 1 89 156
59 52 45 156
95 6 55 156
55 43 58 156
36 36 84 156
27 40 89 156
38 52 66 156
49 35 73 157
57 64 36 157
87 3 67 157
48 49 60 157
20 66 71 157
33 77 47 157
71 50 36 157
56 27 74 157
7 69 81 157
67 40 50 157
72 2 83 157
98 18 41 157
61 54 42 157
86 67 4 157
56 73 28 157
65 21 71 157
67 71 19 157
39 98 20 157
88 18 51 157
23 97 37 157
35 34 88 157
86 59 12 157
68 86 3 157
44 81 32 157
1 95 61 157
63 78 16 157
16 51 90 157
16 96 45 157
62 37 58 157
40 57 60 157
49 41 67 157
9 84 64 157
35 54 68 157
11 78 68 157
45 14 98 157
53 86 18 157
22 42 93 157
53 27 77 157
21 54 82 157
50 13 94 157
98 30 29 157
69 74 14 157
83 71 3 157
31 85 41 157
61 94 2 157
22 66 69 157
44 36 77 157
80 46 31 157
76 64 17 157
71 69 17 157
59 74 24 157
58 60 40 158
91 40 27 158
97 36 25 158
40 46 72 158
76 18 64 158
66 17 75 158
40 28 90 158
25 96 37 158
72 24 62 158
84 29 45 158
32 62 64 158
69 2 87 158
72 60 26 158
85 32 41 158
26 66 66 158
63 33 62 158
19 60 79 158
93 33 32 158
57 95 6 158
61 63 34 158
86 49 23 158
18 99 41 158
34 82 42 158
21 97 40 158
57 38 63 158
26 37 95 158
55 67 36 158
7 84 67 158
79 69 10 158
27 93 38 158
49 45 64 158
67 48 43 158
21 93 44 158
55 77 26 158
42 32 84 158
12 84 62 158
51 83 24 158
64 82 12 158
74 44 41 159
78 58 23 159
31 91 37 159
74 48 37 159
90 23 46 159
71 52 36 159
7 70 82 159
58 71 30 159
18 42 99 159
62 51 46 159
65 26 68 159
90 48 21 159
53 59 47 159
56 28 75 159
7 93 59 159
28 76 55 159
29 64 66 159
41 89 29 159
62 14 83 159
63 43 53 159
59 83 17 159
92 22 45 159
51 14 94 159
100 32 27 159
69 40 50 159
57 24 78 159
83 3 73 159
100 9 50 159
15 84 60 159
46 69 44 159
8 88 63 159
59 24 76 159
2 94 63 159
94 46 19 159
50 10 99 159
46 98 15 159
30 93 36 159
50 56 53 159
4 77 78 159
16 91 53 160
20 89 51 160
63 89 8 160
94 65 1 160
32 42 86 160
58 76 26 160
43 30 87 160
41 54 65 160
37 26 97 160
48 20 92 160
17 56 87 160
73 16 71 160
82 29 49 160
34 42 84 160
60 78 22 160
21 71 68 160
78 11 71 160
33 61 66 160
35 67 58 160
14 79 67 160
41 24 95 160
5 78 77 160
89 32 39 160
71 36 53 160
36 52 72 160
91 10 59 160
91 40 29 160
56 75 29 160
14 75 71 160
90 26 44 160
36 47 77 160
20 42 98 160
16 88 56 160
42 97 21 160
77 23 60 160
11 76 73 160
69 24 67 160
50 64 46 160
94 60 6 160
21 54 85 160
50 59 51 160
74 81 5 160
88 34 38 160
65 67 28 160
49 83 29 161
27 65 69 161
52 82 27 161
68 63 30 161
73 23 65 161
71 5 85 161
41 87 33 161
89 2 70 161
64 62 35 161
38 69 54 161
66 17 78 161
98 22 41 161
12 85 64 161
7 96 58 161
57 8 96 161
39 56 66 161
81 57 23 161
4 88 69 161
92 28 41 161
40 45 76 161
68 54 39 161
58 34 69 161
92 3 66 161
44 69 48 161
82 71 8 161
68 30 63 161
31 90 40 161
17 91 53 161
12 56 93 161
57 62 42 161
46 79 36 161
15 60 86 161
17 94 50 161
67 45 49 161
44 29 88 161
44 51 66 161
94 24 43 161
96 48 17 161
53 48 60 161
36 87 38 161
60 14 87 161
62 80 19 161
70 43 48 161
35 33 93 161
37 60 64 161
47 40 74 161
99 48 14 161
46 71 44 161
17 66 78 161
31 56 74 161
10 59 92 161
86 59 17 162
68 70 24 162
71 22 69 162
49 22 91 162
8 84 70 162
92 18 52 162
51 78 33 162
41 73 48 162
53 55 54 162
97 45 20 162
22 75 65 162
36 41 85 162
4 70 88 162
40 59 63 162
40 95 27 162
73 11 78 162
24 39 99 162
66 85 11 162
65 92 5 162
58 21 83 162
48 71 43 162
52 19 91 162
21 44 97 162
64 70 28 162
47 98 17 162
32 90 40 162
85 5 72 162
44 33 85 162
49 45 68 162
18 86 58 162
97 39 26 162
50 73 39 162
40 64 58 162
97 45 20 162
38 25 99 162
76 37 49 162
74 53 35 162
56 51 55 162
79 3 80 162
83 70 9 162
1 75 86 162
31 94 37 162
54 33 75 162
37 96 29 162
55 19 88 162
45 21 96 162
56 7 100 163
52 66 45 163
49 72 42 163
71 14 78 163
29 66 68 163
62 20 81 163
43 54 66 163
8 56 99 163
86 6 71 163
67 86 10 163
46 75 42 163
91 49 23 163
68 69 26 163
17 55 91 163
44 94 25 163
93 31 39 163
80 68 15 163
75 1 87 163
58 83 22 163
87 32 44 163
58 89 16 163
44 45 74 163
86 18 59 163
36 66 61 163
74 11 78 163
26 63 74 163
21 88 54 163
60 41 62 163
75 60 28 163
53 92 18 163
79 9 75 163
62 43 58 163
79 29 55 163
26 95 42 163
64 69 30 163
99 60 4 163
52 28 83 163
87 7 69 163
6 67 90 163
27 61 75 163
87 30 46 163
99 20 44 163
67 85 11 163
31 80 52 163
37 99 27 163
31 100 32 163
83 71 10 164
50 55 59 164
42 77 45 164
64 44 56 164
62 75 27 164
30 51 83 164
74 63 27 164
45 93 26 164
70 28 66 164
11 88 65 164
93 26 45 164
74 8 82 164
58 16 90 164
48 48 68 164
77 9 78 164
59 59 46 164
77 5 82 164
66 30 68 164
21 85 58 164
66 90 8 164
48 25 91 164
93 8 63 164
9 58 97 164
2 88 74 164
66 12 86 164
16 91 57 164
63 14 87 164
71 32 61 164
25 78 61 164
63 60 41 164
42 85 37 164
82 14 68 164
7 98 59 164
93 68 3 164
32 69 63 164
19 93 52 164
32 54 78 164
42 82 40 164
85 18 61 164
25 47 92 164
35 83 47 165
44 71 50 165
38 47 80 165
33 94 38 165
85 41 39 165
75 89 1 165
49 31 85 165
96 28 41 165
56 70 39 165
14 58 93 165
11 94 60 165
38 39 88 165
80 83 2 165
42 51 72 165
78 43 44 165
60 71 34 165
21 96 48 165
30 76 59 165
59 85 21 165
50 53 62 165
17 91 57 165
56 99 10 165
14 75 76 165
78 46 41 165
32 85 48 165
86 14 65 165
60 56 49 165
75 27 63 165
94 22 49 165
57 42 66 165
47 18 100 165
34 93 38 165
39 58 68 165
78 33 54 165
61 40 64 165
40 70 55 165
7 91 67 165
53 31 81 165
3 88 74 165
23 86 56 165
38 99 28 165
49 74 42 165
87 47 31 165
69 9 87 165
50 93 22 165
58 32 75 165
100 34 31 165
98 22 45 165
22 49 95 166
71 31 64 166
66 83 17 166
81 31 54 166
48 78 40 166
73 60 33 166
72 69 25 166
65 58 43 166
11 59 96 166
81 42 43 166
71 24 71 166
78 73 15 166
11 81 74 166
36 81 49 166
49 34 83 166
57 72 37 166
41 65 60 166
75 87 4 166
94 40 32 166
99 25 42 166
77 29 60 166
99 36 31 166
72 61 33 166
25 54 87 166
14 84 68 166
72 25 69 166
92 55 19 166
17 84 65 166
76 62 28 166
54 22 90 166
76 73 17 166
63 92 11 166
61 88 17 166
75 2 89 166
81 75 10 166
32 75 59 166
2 82 82 166
39 91 36 166
82 12 72 166
43 80 43 166
41 89 36 166
40 38 88 166
66 6 94 166
28 74 65 167
61 75 31 167
59 34 74 167
11 77 79 167
94 71 2 167
81 45 41 167
71 76 20 167
50 86 31 167
9 68 90 167
72 94 1 167
79 29 59 167
58 89 20 167
34 58 75 167
69 90 8 167
47 55 65 167
48 27 92 167
54 68 45 167
46 89 32 167
66 46 55 167
64 84 19 167
75 17 75 167
20 81 66 167
56 22 89 167
62 25 80 167
65 23 79 167
55 47 65 167
34 33 100 167
43 65 59 167
54 76 37 167
60 50 57 167
46 55 67 168
78 47 43 168
16 84 68 168
45 29 94 168
59 66 43 168
80 76 12 168
39 52 77 168
66 69 33 168
51 38 79 168
16 75 77 168
18 95 55 168
25 46 97 168
30 48 90 168
30 65 73 168
90 76 2 168
80 79 9 168
82 60 26 168
38 85 45 168
4 87 77 168
58 21 89 168
69 30 69 168
15 100 53 168
64 32 72 168
38 34 96 168
40 61 67 168
65 73 30 168
1 82 85 168
64 25 79 168
63 31 74 168
29 51 88 168
72 40 56 168
72 84 12 168
26 90 52 168
70 56 42 168
58 77 33 168
95 72 1 168
24 48 96 168
81 3 84 168
61 43 64 168
78 68 22 168
12 66 90 168
64 5 99 168
56 59 53 168
70 32 66 168
65 85 18 168
32 76 60 168
74 7 87 168
86 22 61 169
74 49 46 169
46 63 60 169
75 25 69 169
42 55 72 169
37 95 37 169
18 89 62 169
60 89 20 169
49 63 57 169
74 1 94 169
79 51 39 169
63 76 30 169
38 56 75 169
30 42 97 169
44 60 65 169
37 73 59 169
82 18 69 169
48 38 83 169
88 38 43 169
12 98 59 169
72 27 70 169
83 64 22 169
6 76 87 169
32 45 92 169
65 22 82 169
100 64 5 169
15 99 55 169
64 30 75 169
10 70 89 169
61 15 93 169
84 83 2 169
55 99 15 169
70 34 65 169
45 36 88 169
36 56 77 169
28 48 93 169
57 47 65 169
45 90 34 169
74 62 33 169
95 17 57 169
77 55 37 169
79 63 27 169
69 18 82 169
49 50 70 169
64 85 20 169
61 68 40 169
57 62 50 169
78 80 11 169
70 49 50 169
18 75 76 169
97 46 27 170
47 71 52 170
44 26 100 170
38 97 35 170
67 34 69 170
80 50 40 170
68 83 19 170
28 58 84 170
19 96 55 170
19 55 96 170
58 84 28 170
49 65 56 170
14 85 71 170
60 18 92 170
18 86 66 170
30 91 49 170
21 96 53 170
80 21 69 170
80 43 47 170
1 86 83 170
71 61 38 170
98 39 33 170
60 58 52 170
92 72 6 170
55 61 54 170
77 78 15 170
89 46 35 170
44 72 54 170
69 32 69 170
37 91 42 170
27 85 58 170
11 87 72 170
69 2 99 170
47 65 58 170
39 72 59 170
71 78 21 170
71 55 44 170
19 60 91 170
67 33 70 170
63 41 66 170
89 27 54 170
38 35 97 170
46 32 92 170
71 7 92 170
60 99 12 171
75 44 52 171
59 20 92 171
8 78 85 171
84 41 46 171
78 73 20 171
86 65 20 171
70 90 11 171
48 82 41 171
81 14 76 171
31 74 66 171
46 40 85 171
36 41 94 171
43 74 54 171
75 9 87 171
84 66 21 171
52 44 75 171
92 5 74 171
70 75 26 171
64 26 81 171
77 6 88 171
45 28 98 171
41 63 67 171
90 23 58 171
56 51 64 171
92 49 30 171
43 75 53 171
61 15 95 171
66 96 9 171
29 90 52 171
74 1 96 171
60 78 33 171
91 52 28 171
27 71 73 171
10 75 86 171
52 80 39 171
62 95 14 171
46 61 64 171
47 74 51 172
80 71 21 172
43 52 77 172
84 85 3 172
89 45 38 172
37 47 88 172
43 68 61 172
47 100 25 172
32 92 48 172
43 83 46 172
88 22 62 172
80 73 19 172
28 62 82 172
49 39 84 172
64 61 47 172
48 40 84 172
81 4 87 172
31 44 97 172
85 71 16 172
68 9 95 172
80 86 6 172
89 22 61 172
51 62 59 172
65 15 92 172
59 55 58 172
90 26 56 172
87 54 31 172
23 82 67 172
76 93 3 172
98 56 18 172
78 61 33 172
19 72 81 172
74 97 1 172
64 68 40 172
36 75 61 172
21 65 86 172
72 10 90 172
34 73 66 173
91 9 73 173
85 41 47 173
17 82 74 173
76 52 45 173
37 45 91 173
27 69 77 173
42 62 69 173
85 15 73 173
63 28 82 173
43 68 62 173
59 40 74 173
74 79 20 173
68 99 6 173
50 60 63 173
41 64 68 173
74 6 93 173
91 46 36 173
49 78 46 173
54 46 73 173
59 96 18 173
37 56 80 173
26 99 48 173
71 9 93 173
63 55 55 173
68 8 97 173
74 27 72 173
81 56 36 173
65 25 83 173
65 47 61 173
48 77 48 173
14 59 100 173
50 71 52 173
93 36 44 173
49 90 34 173
48 42 83 173
35 65 73 173
9 73 91 173
43 80 50 173
48 26 99 173
21 98 54 173
22 98 53 173
69 25 79 173
100 53 20 173
98 48 27 173
59 80 34 173
83 47 43 173
59 32 82 173
23 55 95 173
99 39 35 173
41 81 51 173
85 37 51 173
84 4 86 174
75 83 16 174
74 40 60 174
41 76 57 174
54 22 98 174
56 48 70 174
81 5 88 174
37 96 41 174
69 56 49 174
44 60 70 174
90 58 26 174
60 65 49 174
81 47 46 174
68 75 31 174
80 74 20 174
67 20 87 174
78 47 49 174
20 83 71 174
63 55 56 174
33 91 50 174
71 100 3 174
59 57 58 174
74 10 90 174
42 33 99 174
1 81 92 174
36 96 42 174
45 68 61 174
49 71 54 174
60 45 69 174
78 40 56 174
3 100 71 174
69 88 17 174
10 66 98 174
21 72 81 174
46 89 39 174
50 88 36 174
83 78 13 174
54 91 30 175
100 1 74 175
70 85 20 175
23 60 92 175
58 80 37 175
77 35 63 175
40 87 48 175
34 45 96 175
64 96 15 175
79 78 18 175
34 53 88 175
68 38 69 175
74 48 53 175
84 20 71 175
75 75 25 175
84 54 37 175
25 69 81 175
26 81 68 175
68 95 12 175
24 94 57 175
36 86 53 175
57 45 73 175
47 83 45 175
62 68 45 175
85 60 30 175
90 78 7 175
72 22 81 175
93 31 51 175
95 68 12 175
71 72 32 175
73 67 35 175
91 45 39 175
49 76 50 175
23 78 74 175
95 45 35 175
43 73 59 175
91 4 80 175
63 58 54 175
25 88 62 175
85 32 59 176
58 42 76 176
100 20 56 176
86 87 3 176
73 93 10 176
68 20 88 176
57 66 53 176
12 96 68 176
84 72 20 176
52 65 59 176
59 59 58 176
23 63 90 176
71 59 46 176
26 96 54 176
46 45 85 176
96 4 76 176
28 77 71 176
60 58 58 176
48 37 91 176
84 41 51 176
62 96 18 176
91 43 42 176
94 14 68 176
14 74 88 176
84 34 58 176
40 38 98 176
58 67 51 176
91 48 37 176
56 87 33 176
76 38 62 176
71 59 46 176
80 81 15 176
49 35 92 176
60 21 95 176
73 86 17 176
57 33 86 176
44 72 60 176
93 12 72 177
25 68 84 177
95 1 81 177
65 18 94 177
2 96 79 177
24 90 63 177
79 41 57 177
52 25 100 177
46 53 78 177
38 91 48 177
69 83 25 177
57 59 61 177
49 94 34 177
22 92 63 177
23 75 79 177
90 26 61 177
82 84 11 177
56 88 33 177
41 83 53 177
79 7 91 177
84 50 43 177
40 52 85 177
73 34 70 177
94 18 65 177
56 56 65 177
76 92 9 177
67 95 15 177
73 50 54 177
64 26 87 177
27 89 61 177
20 84 73 177
69 41 67 177
83 70 24 177
58 20 99 177
71 12 94 177
79 56 42 177
43 74 60 177
56 96 25 177
49 69 59 177
63 28 87 178
34 69 75 178
58 46 74 178
71 97 10 178
69 72 37 178
58 43 77 178
68 96 14 178
10 73 95 178
82 82 14 178
93 38 47 178
70 8 100 178
13 82 83 178
82 58 38 178
95 13 70 178
99 43 36 178
78 82 18 178
47 96 35 178
55 53 70 178
76 75 27 178
45 68 65 178
51 88 39 178
80 55 43 178
32 89 57 178
39 68 71 178
40 41 97 178
93 28 57 178
17 68 93 178
37 61 80 178
63 51 64 178
29 98 51 178
67 36 75 178
42 66 70 178
14 89 75 178
78 93 7 178
60 62 56 178
100 28 50 178
26 78 74 178
96 60 22 178
87 61 30 178
84 53 41 178
70 27 81 178
39 63 76 178
51 89 38 178
46 73 59 178
74 26 78 178
77 30 71 178
54 71 53 178
59 37 82 178
34 47 97 178
100 35 43 178
42 73 63 178
83 16 79 178
83 21 75 179
48 50 81 179
71 51 57 179
92 17 70 179
78 21 80 179
99 12 68 179
31 93 55 179
95 71 13 179
93 8 78 179
97 14 68 179
59 83 37 179
92 84 3 179
19 61 99 179
37 62 80 179
59 32 88 179
39 46 94 179
41 42 96 179
53 46 80 179
83 25 71 179
17 65 97 179
76 29 74 179
83 93 3 179
86 23 70 179
58 35 86 179
71 59 49 179
33 94 52 179
82 15 82 179
44 65 70 179
81 85 13 179
84 94 1 179
97 25 57 179
57 97 25 179
39 73 67 179
62 62 55 179
63 19 97 179
92 68 19 179
100 43 36 179
45 49 85 179
20 83 76 179
46 74 59 179
79 99 1 179
83 68 29 180
43 43 94 180
100 13 67 180
53 46 81 180
18 71 91 180
78 23 79 180
52 90 38 180
78 27 75 180
99 10 71 180
55 49 76 180
52 84 44 180
73 57 50 180
96 61 23 180
87 3 90 180
35 86 59 180
77 13 90 180
98 13 69 180
51 34 95 180
100 52 28 180
36 71 73 180
72 97 11 180
41 54 85 180
63 87 30 180
80 45 55 180
16 99 65 180
87 39 54 180
48 69 63 180
57 46 77 180
26 89 65 180
100 72 8 180
66 43 71 180
94 57 29 180
77 72 31 180
14 81 85 180
64 65 51 180
43 91 46 180
62 58 60 180
65 74 41 180
62 25 93 180
89 4 87 180
48 39 93 180
58 61 61 180
41 64 75 180
54 97 29 180
82 70 28 180
99 7 74 180
87 32 61 180
86 39 56 181
47 91 43 181
87 7 87 181
13 73 95 181
92 87 2 181
96 52 33 181
66 100 15 181
87 14 80 181
26 88 67 181
89 7 85 181
67 90 24 181
72 78 31 181
63 70 48 181
30 78 73 181
84 13 84 181
60 24 97 181
22 61 98 181
90 49 42 181
44 56 81 181
57 35 89 181
45 78 58 181
100 80 1 181
31 99 51 181
78 36 67 181
24 84 73 181
52 87 42 181
66 71 44 181
33 77 71 181
47 55 79 181
43 52 86 181
82 31 69 182
76 63 43 182
85 42 55 182
47 39 96 182
50 46 86 182
85 12 85 182
78 45 59 182
84 31 67 182
79 87 16 182
69 69 44 182
4 79 99 182
24 94 64 182
28 86 68 182
22 98 62 182
76 87 19 182
60 48 74 182
88 48 46 182
99 27 56 182
51 69 62 182
96 1 85 182
7 81 94 182
46 39 97 182
12 98 72 182
43 87 52 182
58 83 41 182
30 99 53 182
72 89 21 182
90 71 21 182
87 65 30 182
97 34 51 182
29 64 89 182
14 92 76 182
62 27 93 182
68 32 82 182
82 6 94 182
30 92 61 183
91 12 80 183
73 94 16 183
35 88 60 183
51 99 33 183
30 76 77 183
94 65 24 183
87 9 87 183
9 87 87 183
100 43 40 183
26 79 78 183
73 76 34 183
46 84 53 183
51 71 61 183
67 40 76 183
34 78 71 183
83 77 23 183
61 41 81 183
31 94 58 183
47 93 43 183
64 65 54 183
46 64 73 183
40 52 91 183
86 76 21 183
98 34 51 183
46 48 89 183
82 47 54 183
64 99 20 183
66 97 20 183
57 56 70 183
75 77 31 183
10 87 86 183
67 29 87 183
89 59 35 183
94 79 10 183
49 91 43 183
79 48 56 183
10 100 73 183
83 71 29 183
42 81 60 183
14 90 79 183
86 65 32 183
67 22 94 183
49 84 50 183
88 10 85 183
42 98 44 184
89 62 33 184
90 4 90 184
62 69 53 184
94 71 19 184
88 12 84 184
54 85 45 184
55 70 59 184
7 93 84 184
100 35 49 184
100 73 11 184
42 95 47 184
51 47 86 184
21 85 78 184
95 49 40 184
61 40 83 184
89 93 2 184
92 57 35 184
98 54 32 184
60 29 95 184
9 79 96 184
64 37 83 184
77 83 24 184
81 43 60 184
77 61 46 184
45 87 52 184
97 81 6 184
56 65 63 184
46 69 69 184
18 68 98 184
87 86 11 184
25 62 97 184
74 72 38 184
93 68 23 184
72 61 51 184
2 100 82 184
55 32 97 184
55 89 40 184
33 96 55 184
69 90 25 184
68 35 81 184
81 85 18 184
53 77 55 185
84 9 92 185
30 74 81 185
49 50 86 185
97 57 31 185
39 98 48 185
59 84 42 185
80 62 43 185
86 14 85 185
81 48 56 185
53 51 81 185
40 53 92 185
98 60 27 185
83 76 26 185
26 59 100 185
7 100 78 185
59 36 90 185
84 85 16 185
67 32 86 185
98 85 2 185
50 96 39 185
57 34 94 185
87 84 14 185
52 69 64 185
87 23 75 185
74 51 60 185
96 57 32 185
90 63 32 185
64 64 57 185
88 30 67 185
92 64 29 185
87 80 18 185
80 71 34 185
57 31 97 185
60 48 77 185
26 78 82 186
83 47 56 186
60 67 59 186
82 82 22 186
45 56 85 186
70 88 28 186
96 33 57 186
90 49 47 186
67 50 69 186
97 20 69 186
57 62 67 186
55 79 52 186
47 77 62 186
73 29 84 186
54 86 46 186
88 61 37 186
50 100 36 186
81 77 28 186
84 63 39 186
100 51 35 186
23 63 100 186
52 38 96 186
91 81 14 186
65 97 24 186
56 35 95 186
91 84 11 186
77 42 67 186
35 69 82 186
57 79 50 186
42 81 63 186
91 70 25 186
74 72 40 186
44 42 100 186
19 93 74 186
73 56 57 186
31 84 71 186
49 55 82 186
62 95 29 186
37 63 86 186
8 95 83 186
55 67 64 186
24 80 83 187
95 61 31 187
47 62 78 187
41 51 95 187
64 76 47 187
45 68 74 187
76 76 35 187
23 99 65 187
60 69 58 187
69 88 30 187
79 20 88 187
97 55 35 187
63 37 87 187
58 91 38 187
86 12 89 187
50 90 47 187
48 80 59 187
74 93 20 187
64 28 95 187
43 93 51 187
16 78 93 187
73 57 57 187
76 16 95 187
92 34 61 187
77 59 51 187
35 73 79 187
37 92 58 187
80 77 30 187
99 64 24 187
68 28 91 187
72 97 18 187
89 13 85 187
43 74 70 187
69 82 36 187
73 32 82 187
72 97 18 187
89 50 48 187
47 46 94 187
32 65 90 187
26 89 72 187
68 36 83 187
47 81 59 187
83 8 97 188
98 62 28 188
78 47 63 188
71 25 92 188
69 30 89 188
39 96 53 188
64 60 64 188
60 33 95 188
78 73 37 188
81 84 23 188
84 40 64 188
74 14 100 188
24 87 77 188
60 92 36 188
35 91 62 188
37 69 82 188
78 53 57 188
63 49 76 188
93 62 33 188
73 29 86 188
53 75 60 188
87 53 48 188
90 93 5 188
74 52 62 188
50 79 59 188
41 76 71 188
100 59 29 188
87 20 81 188
17 91 80 188
95 91 2 188
89 56 43 188
95 63 30 188
94 86 8 188
57 88 43 188
76 28 84 188
53 71 64 188
77 26 85 188
15 90 83 188
68 26 95 189
96 33 60 189
96 72 21 189
62 41 86 189
86 91 12 189
97 2 90 189
39 72 78 189
31 67 91 189
98 67 24 189
73 31 85 189
30 93 66 189
82 28 79 189
56 76 57 189
51 68 70 189
81 40 68 189
43 67 79 189
38 63 88 189
47 48 94 189
86 100 3 189
11 89 89 189
88 79 22 189
69 43 77 189
36 88 65 189
34 77 78 189
95 64 30 189
66 30 93 189
36 83 70 189
42 54 93 189
59 83 47 189
86 4 99 189
67 60 62 189
96 65 28 189
90 7 93 190
71 78 41 190
87 65 38 190
98 23 69 190
28 78 84 190
11 98 81 190
79 53 58 190
53 41 96 190
71 67 52 190
87 89 14 190
95 92 3 190
58 44 88 190
53 55 82 190
42 53 95 190
31 88 71 190
84 97 9 190
3 88 99 190
64 45 81 190
97 35 58 190
79 19 92 190
81 94 15 190
86 49 55 190
46 84 60 190
16 94 80 190
96 2 92 190
25 73 92 190
15 76 99 190
75 57 58 190
88 20 82 190
94 51 45 190
69 24 97 190
91 2 97 190
86 19 85 190
58 95 37 190
29 86 75 190
47 54 89 190
97 85 8 190
52 81 57 190
58 52 80 190
73 48 69 190
68 41 81 190
100 86 4 190
10 88 93 191
36 83 72 191
47 87 57 191
47 52 92 191
62 87 42 191
4 91 96 191
39 81 71 191
100 16 75 191
81 34 76 191
62 47 82 191
23 100 68 191
42 100 49 191
94 94 3 191
65 42 84 191
84 99 8 191
29 70 92 191
81 34 76 191
90 79 22 191
96 52 43 191
79 17 95 191
60 94 37 191
85 95 11 191
56 73 62 191
68 89 34 191
7 88 96 191
41 79 71 191
96 54 41 191
71 28 92 191
99 91 1 191
84 30 77 191
94 11 86 191
26 82 83 191
90 43 58 191
76 94 21 191
100 19 73 192
99 33 60 192
28 74 90 192
45 72 75 192
76 24 92 192
81 46 65 192
32 98 62 192
28 100 64 192
47 62 83 192
66 83 43 192
67 94 31 192
37 78 77 192
84 16 92 192
81 98 13 192
93 94 5 192
85 47 60 192
15 85 92 192
29 77 86 192
32 87 73 192
92 63 37 192
96 62 34 192
58 91 43 192
52 61 79 192
46 70 76 192
95 39 58 192
51 90 51 192
59 38 95 192
72 26 94 192
20 90 82 192
91 79 22 192
81 78 33 192
85 62 45 192
4 95 93 192
62 37 93 192
89 68 35 192
58 81 53 192
92 24 76 192
64 56 72 192
47 93 53 193
65 81 47 193
98 51 44 193
77 89 27 193
98 24 71 193
36 86 71 193
84 66 43 193
97 25 71 193
73 47 73 193
95 55 43 193
80 88 25 193
32 76 85 193
66 30 97 193
96 74 23 193
97 35 61 193
64 83 46 193
55 38 100 193
95 90 8 193
52 49 92 193
95 58 40 193
43 84 66 193
37 79 77 193
16 96 81 193
38 96 60 194
83 49 62 194
45 82 67 194
59 56 79 194
41 93 60 194
87 100 7 194
43 66 85 194
81 58 55 194
60 68 66 194
45 82 67 194
75 54 65 194
31 95 68 194
91 67 36 194
42 93 59 194
54 70 70 194
79 21 94 194
32 78 84 194
77 35 82 194
41 92 61 194
68 71 55 194
42 87 65 194
8 90 96 194
86 72 36 194
69 49 76 194
89 19 86 194
89 7 98 194
37 93 64 194
58 75 61 194
70 76 48 194
32 100 62 194
78 65 51 194
98 17 79 194
47 49 98 194
42 76 76 194
75 58 61 194
93 35 67 195
34 93 68 195
52 78 65 195
51 90 54 195
85 67 43 195
94 43 58 195
8 98 89 195
76 41 78 195
66 56 73 195
83 26 86 195
98 9 88 195
61 95 39 195
60 87 48 195
98 46 51 195
40 69 86 195
37 93 65 195
99 10 86 195
50 89 56 195
44 51 100 195
77 96 22 195
94 28 73 195
82 63 50 195
88 31 76 195
43 65 87 195
71 50 74 195
76 64 55 195
84 58 53 195
64 32 99 195
93 25 77 195
58 88 49 195
57 58 80 195
92 31 72 195
13 95 87 195
65 86 44 195
21 88 86 195
18 78 99 195
74 100 21 195
93 31 71 195
93 26 77 196
76 68 52 196
25 72 99 196
26 99 71 196
16 86 94 196
87 96 13 196
81 59 56 196
80 50 66 196
93 72 31 196
48 69 79 196
63 36 97 196
74 51 71 196
61 88 47 196
99 55 42 196
100 52 44 196
35 94 67 196
57 57 82 196
75 67 54 196
81 88 27 196
30 79 87 196
77 94 25 196
87 77 32 196
40 79 77 196
13 84 100 197
75 22 100 197
97 88 12 197
61 62 74 197
45 53 99 197
77 81 39 197
90 70 37 197
32 79 86 197
62 78 57 197
32 100 65 197
33 96 68 197
78 61 58 197
87 12 98 197
92 13 92 197
42 85 70 197
71 52 74 197
78 34 85 197
82 86 29 197
78 91 28 197
76 40 81 197
83 28 86 197
39 100 58 197
22 90 85 197
98 83 16 197
28 79 90 197
22 77 98 197
96 98 3 197
18 99 81 198
66 66 66 198
63 62 73 198
93 75 30 198
10 100 88 198
82 53 63 198
96 87 15 198
50 93 55 198
59 73 66 198
58 48 92 198
93 22 83 198
72 94 32 198
35 87 76 198
97 63 38 198
79 20 99 198
96 84 18 198
96 81 21 198
92 61 45 198
65 34 99 198
63 88 47 198
56 65 77 198
92 65 41 198
100 83 15 198
71 65 62 198
34 96 68 198
63 38 97 198
49 99 50 198
91 50 57 198
73 100 25 198
88 12 98 198
92 22 84 198
70 42 86 198
68 44 86 198
95 80 23 198
72 67 59 198
66 38 94 198
94 50 54 198
66 70 63 199
38 72 89 199
95 26 78 199
65 75 59 199
96 72 31 199
26 74 99 199
92 98 9 199
94 97 8 199
26 97 76 199
79 54 66 199
53 51 95 199
40 71 88 199
40 95 64 199
68 74 57 199
80 55 64 199
71 43 85 199
74 88 37 199
51 59 89 199
47 80 72 199
74 95 30 199
33 82 84 199
93 28 78 199
54 67 78 199
66 73 60 199
35 76 89 200
7 97 96 200
51 98 51 200
94 98 8 200
49 93 58 200
51 98 51 200
67 49 84 200
80 42 78 200
54 55 91 200
54 56 90 200
65 49 86 200
30 94 76 200
54 76 70 200
59 97 44 200
43 64 93 200
53 61 86 200
90 38 72 200
66 41 93 200
64 60 76 200
41 84 75 200
71 80 49 200
78 23 99 200
78 86 36 200
46 77 77 200
79 23 98 200
89 70 41 200
95 51 54 200
63 86 51 200
24 98 78 200
50 99 51 200
72 51 77 200
65 59 76 200
99 78 23 200
51 63 86 200
77 84 39 200
98 2 100 200
52 58 91 201
73 39 89 201
89 26 86 201
83 85 33 201
72 81 48 201
100 24 77 201
89 40 72 201
48 93 60 201
89 43 69 201
72 93 36 201
87 100 14 201
98 14 89 201
67 87 47 201
90 12 99 201
14 97 90 201
73 96 32 201
82 90 29 201
94 100 7 201
40 88 73 201
73 95 33 201
71 82 48 201
77 25 99 201
79 58 64 201
42 62 97 201
77 79 45 201
98 7 96 201
92 84 25 201
43 86 72 201
62 53 86 201
23 81 97 201
59 99 43 201
93 94 14 201
60 76 65 201
64 90 47 201
56 52 93 201
27 82 92 201
17 85 99 201
57 86 58 201
52 56 94 202
77 93 32 202
86 89 27 202
63 92 47 202
63 59 80 202
16 99 87 202
35 93 74 202
51 93 58 202
42 69 91 202
69 94 39 202
49 62 91 202
50 62 90 202
83 80 39 202
93 18 91 202
79 43 80 202
75 28 99 202
49 81 72 202
73 98 31 202
87 52 63 202
98 74 30 202
46 79 77 202
40 65 97 202
67 98 37 202
45 69 88 202
70 39 93 202
92 56 54 202
53 60 89 202
21 88 93 202
69 92 41 202
29 96 78 203
100 32 71 203
83 90 30 203
74 71 58 203
51 64 88 203
91 47 65 203
19 97 87 203
75 79 49 203
43 78 82 203
97 57 49 203
74 84 45 203
80 95 28 203
96 70 37 203
52 58 93 203
59 67 77 203
39 69 95 203
37 82 84 203
12 93 98 203
58 89 56 203
95 11 97 203
79 81 43 203
87 72 44 203
45 74 84 203
91 16 96 203
24 100 79 203
68 45 90 203
83 23 97 203
46 91 67 204
81 32 91 204
52 66 86 204
78 36 90 204
89 17 98 204
95 67 42 204
50 81 73 204
87 57 60 204
97 74 33 204
49 70 85 204
66 47 91 204
88 84 32 204
57 69 78 204
61 91 52 204
95 52 57 204
97 25 82 204
73 31 100 204
69 81 54 204
42 74 88 204
83 35 86 204
77 93 34 204
46 68 90 204
91 29 84 204
64 82 58 204
57 99 48 204
63 54 87 204
80 76 48 204
74 77 53 204
90 23 92 205
65 57 83 205
51 70 84 205
92 55 58 205
100 7 98 205
98 86 21 205
73 93 39 205
26 82 97 205
79 98 28 205
85 99 21 205
91 81 33 205
42 74 89 205
64 56 85 205
93 18 94 205
45 92 68 205
78 72 55 205
67 72 66 205
81 27 97 205
55 83 67 205
71 64 70 205
52 85 68 205
63 66 76 205
77 73 56 206
46 62 98 206
90 79 37 206
89 36 81 206
30 98 78 206
85 53 68 206
71 62 73 206
98 95 13 206
82 84 40 206
76 86 44 206
80 86 40 206
56 97 53 206
91 65 50 206
75 41 90 206
94 41 71 206
95 94 17 206
81 58 67 206
24 89 93 206
77 76 53 206
99 31 76 206
64 70 72 206
63 51 92 206
58 63 85 206
75 77 54 206
62 57 87 206
81 57 68 206
57 64 85 206
93 41 73 207
62 90 55 207
63 47 97 207
73 53 81 207
96 25 86 207
81 63 63 207
50 79 78 207
35 86 86 207
81 79 47 207
64 59 84 207
82 99 26 207
76 99 32 207
95 73 39 207
67 67 73 207
98 14 95 207
62 84 61 207
99 36 72 207
90 23 94 207
24 92 91 207
72 94 41 207
60 81 66 207
63 59 85 207
70 86 51 207
86 21 100 207
48 82 77 207
70 93 44 207
92 44 71 207
69 54 84 207
32 89 87 208
92 24 92 208
57 81 70 208
73 77 58 208
93 33 82 208
97 95 16 208
86 33 89 208
60 67 81 208
95 97 16 208
88 90 30 208
32 76 100 208
83 97 28 208
65 81 62 208
39 87 82 208
92 100 16 208
98 55 55 208
81 82 45 208
52 80 76 208
76 97 35 208
39 92 77 208
88 29 91 208
33 79 96 208
40 77 91 208
30 80 98 208
20 98 90 208
94 14 100 208
73 62 73 208
44 88 76 208
100 27 82 209
48 67 94 209
70 55 84 209
98 29 82 209
85 90 34 209
45 64 100 209
88 73 48 209
83 81 45 209
40 91 78 209
79 52 78 209
60 60 89 209
94 95 20 209
100 49 60 209
94 32 83 209
54 76 79 209
100 59 50 209
44 75 90 209
85 60 64 209
84 62 63 209
85 93 31 209
88 56 65 209
35 79 95 209
92 63 54 209
38 90 81 209
91 66 52 209
55 68 86 209
43 79 87 209
33 82 94 209
32 82 95 209
55 69 86 210
88 58 64 210
48 92 70 210
60 96 54 210
64 67 79 210
88 34 88 210
50 70 90 210
69 60 81 210
67 70 73 210
66 75 69 210
67 68 75 210
98 57 55 210
76 77 57 210
20 98 92 210
100 82 28 210
54 77 79 210
91 47 72 210
87 31 92 210
43 96 71 210
90 44 77 211
57 74 80 211
88 80 43 211
75 71 65 211
49 65 97 211
93 40 78 211
44 67 100 211
89 72 50 211
91 41 79 211
90 58 63 211
98 44 69 211
42 99 70 211
32 99 80 211
74 44 93 211
57 66 88 211
29 98 84 211
77 77 57 211
30 94 87 211
62 91 58 211
77 55 79 211
100 28 83 211
68 67 76 211
97 43 71 211
86 97 28 211
59 83 69 211
65 53 94 212
51 98 63 212
44 70 98 212
36 76 100 212
99 84 29 212
80 59 73 212
83 98 31 212
73 99 40 212
72 96 44 212
74 85 53 212
84 62 66 212
73 58 81 212
81 83 48 212
93 88 31 212
98 27 87 212
93 55 64 212
61 77 74 212
72 42 98 212
98 72 42 212
95 68 49 212
76 96 40 212
54 100 58 212
39 84 89 212
98 14 100 212
32 96 84 212
30 82 100 212
60 67 86 213
67 47 99 213
92 60 61 213
97 93 23 213
63 65 85 213
98 47 68 213
78 44 91 213
73 44 96 213
89 99 25 213
90 67 56 213
90 84 39 213
72 55 86 213
76 55 82 213
36 94 83 213
93 30 90 213
57 83 73 213
13 100 100 213
91 48 74 213
100 13 100 213
87 35 91 213
69 49 95 213
68 64 81 213
92 75 47 214
92 99 23 214
88 79 47 214
80 73 61 214
71 47 96 214
80 86 48 214
76 81 57 214
70 86 58 214
61 70 83 214
88 29 97 214
78 40 96 214
45 100 69 214
79 43 92 214
84 43 87 214
85 72 57 214
71 93 51 215
33 86 96 215
74 53 88 215
83 91 41 215
61 65 89 215
97 31 87 215
65 57 93 215
73 57 85 215
78 67 70 215
86 52 77 215
92 25 98 215
73 95 47 215
76 71 68 215
70 59 86 215
70 45 100 215
97 65 53 215
86 69 60 215
86 88 41 215
53 65 97 215
100 100 15 215
53 69 93 215
98 96 21 215
84 65 66 215
72 44 99 215
58 66 92 216
91 43 82 216
72 75 69 216
63 89 64 216
40 82 94 216
90 31 95 216
72 65 79 216
40 93 83 216
93 50 73 216
63 61 92 216
79 72 65 216
38 99 79 216
97 41 78 216
84 86 46 216
78 70 68 216
83 63 70 216
78 46 92 216
94 74 48 216
97 24 95 216
92 88 36 216
65 69 82 216
65 79 72 216
100 81 35 216
45 81 90 216
79 52 85 216
66 78 72 216
84 57 75 216
96 24 96 216
79 62 76 217
60 59 98 217
86 33 98 217
100 35 82 217
94 63 60 217
94 70 53 217
65 54 98 217
51 77 89 217
88 71 58 217
36 96 85 217
57 95 65 217
45 98 74 217
78 87 52 217
81 70 66 217
43 75 99 217
86 79 52 217
100 46 71 217
86 93 38 217
67 60 90 217
83 49 85 217
91 76 50 217
80 62 76 218
56 84 78 218
36 83 99 218
96 38 84 218
78 100 40 218
85 61 72 218
58 71 89 218
55 63 100 218
52 96 70 218
100 39 79 218
79 48 91 218
70 54 94 218
89 85 44 218
93 88 37 218
93 66 59 218
94 46 78 218
64 85 69 218
40 78 100 218
82 66 70 218
65 75 78 218
91 50 77 218
53 71 94 218
71 95 52 218
87 87 44 218
83 35 100 218
77 62 79 218
99 98 22 219
54 68 97 219
97 47 75 219
76 57 86 219
89 62 68 219
79 95 45 219
91 93 35 219
57 79 83 219
88 90 41 219
85 84 50 219
97 62 60 219
89 90 40 219
84 78 57 219
48 80 91 219
29 95 95 219
83 73 63 219
72 64 84 220
48 86 86 220
70 77 73 220
82 89 49 220
79 46 95 220
99 28 93 220
74 56 90 220
93 90 37 220
56 89 75 220
48 98 74 220
62 59 99 220
48 74 98 220
97 78 45 220
98 36 86 220
99 83 38 220
49 83 88 220
61 95 64 220
98 32 91 221
94 65 62 221
74 54 93 221
41 91 89 221
48 85 88 221
95 76 50 221
90 61 70 221
38 85 98 221
99 95 27 221
27 100 94 221
94 28 99 221
87 88 46 221
98 27 96 221
66 92 63 221
54 94 73 221
90 97 34 221
66 56 99 221
95 90 36 221
46 85 90 221
64 81 76 221
99 54 68 221
82 56 83 221
59 73 89 221
35 88 98 221
65 77 79 221
67 58 97 222
53 77 92 222
88 72 62 222
77 53 92 222
98 79 45 222
96 67 59 222
40 96 86 222
88 92 42 222
81 69 72 222
98 89 35 222
62 80 80 222
66 87 69 222
88 89 45 222
67 92 63 222
91 72 59 222
89 88 45 222
73 56 93 222
61 72 89 222
90 80 52 222
62 96 64 222
85 70 67 222
50 95 77 222
76 95 51 222
77 87 58 222
91 79 52 222
63 83 76 222
78 66 78 222
62 70 91 223
97 88 38 223
53 89 81 223
86 56 81 223
48 84 91 223
28 96 99 223
82 43 98 223
65 77 81 223
95 49 79 223
92 77 54 223
93 38 92 223
86 79 58 223
66 71 86 223
77 69 77 223
83 70 70 223
59 96 68 223
49 85 89 223
73 92 58 223
97 72 54 223
73 86 64 223
69 83 71 223
89 34 100 223
61 64 98 223
97 82 44 223
96 85 42 223
97 62 65 224
96 72 56 224
62 73 89 224
70 90 64 224
99 58 67 224
66 96 62 224
95 81 48 224
84 71 69 224
45 81 98 224
82 56 86 224
50 96 78 224
47 97 80 224
81 70 73 224
77 63 84 224
61 80 83 224
77 86 61 224
97 35 92 224
50 100 74 224
96 84 45 225
99 95 31 225
98 80 47 225
55 73 97 225
45 86 94 225
54 75 96 225
92 89 44 225
92 59 74 225
37 96 92 225
60 97 68 225
74 61 90 225
92 74 60 226
93 45 88 226
69 97 60 226
92 83 51 226
77 83 66 226
84 99 43 226
55 71 100 226
88 74 64 226
90 89 47 226
34 97 95 226
59 69 98 226
57 82 87 226
81 78 67 226
93 48 85 226
74 53 99 226
48 81 97 226
86 73 67 226
70 72 84 226
56 83 87 226
87 100 39 226
62 83 81 226
58 73 95 226
53 97 77 227
50 98 79 227
63 87 77 227
87 45 95 227
72 78 77 227
90 73 64 227
56 84 87 227
71 76 80 227
78 54 95 227
97 75 55 227
60 98 69 227
83 86 58 227
61 82 84 227
91 100 36 227
94 52 81 227
63 89 75 227
89 41 98 228
93 100 35 228
72 97 59 228
83 72 73 228
85 93 50 228
88 90 50 228
72 95 61 228
41 92 95 228
59 75 94 228
70 63 95 228
54 93 81 228
76 70 82 228
75 65 89 229
100 97 32 229
98 55 76 229
95 91 43 229
50 94 85 229
64 65 100 229
88 95 46 229
65 73 91 229
91 70 68 229
97 91 41 229
99 64 66 229
85 75 69 229
85 44 100 229
100 63 66 229
75 71 83 229
98 86 45 229
97 79 53 229
100 85 44 229
98 88 43 229
73 70 87 230
89 72 69 230
64 68 98 230
72 63 95 230
75 74 81 230
89 78 64 231
62 75 94 231
95 88 48 231
74 75 82 231
77 84 70 231
84 91 56 231
100 74 57 231
49 92 90 231
92 55 84 231
100 94 37 231
69 92 70 231
98 49 84 231
51 88 92 231
76 94 61 231
81 79 71 231
70 81 80 231
91 88 53 232
99 55 78 232
82 54 96 232
77 95 60 232
39 100 93 232
62 99 71 232
87 95 50 232
64 95 73 232
89 70 73 232
97 56 79 232
73 65 94 232
92 40 100 232
69 84 79 232
87 65 80 232
85 96 51 232
87 59 87 233
94 96 43 233
65 94 74 233
71 84 78 233
57 88 88 233
79 98 56 233
67 70 96 233
94 100 39 233
69 79 85 233
93 83 57 233
59 95 79 233
94 91 48 233
82 94 58 234
74 94 66 234
76 78 80 234
95 98 41 234
89 87 58 234
76 77 81 234
75 69 90 234
71 72 91 234
82 62 90 234
70 85 79 234
92 77 65 234
96 80 58 234
64 79 91 234
81 65 88 234
73 77 84 234
98 38 98 234
88 92 54 234
50 87 98 235
61 89 85 235
73 88 74 235
65 87 83 235
96 79 60 235
70 75 90 235
87 51 97 235
47 93 95 235
58 85 92 235
76 61 98 235
96 81 58 235
70 93 72 235
84 73 79 236
100 54 82 236
40 99 97 236
97 87 52 236
99 37 100 236
90 47 99 236
90 82 64 236
71 67 98 236
77 73 86 236
60 89 87 236
79 92 65 236
100 38 98 236
92 55 89 236
70 79 87 236
88 99 50 237
93 80 64 237
100 99 38 237
71 66 100 237
46 97 94 237
88 63 86 237
94 63 80 237
83 80 74 237
65 100 72 237
84 96 57 237
83 74 81 238
72 91 75 238
97 78 63 238
68 91 79 238
80 79 79 238
72 93 73 238
73 85 80 238
85 61 92 238
69 83 86 238
80 59 99 238
89 70 79 238
68 90 81 239
93 48 98 239
71 82 86 239
63 76 100 239
67 83 89 239
94 74 71 239
68 74 97 239
69 72 98 239
100 65 74 239
76 86 77 239
71 100 68 239
64 78 97 239
60 87 93 240
62 78 100 240
97 60 83 240
91 96 53 240
100 70 70 240
88 70 82 240
92 62 87 241
71 90 80 241
77 68 96 241
92 97 52 241
100 90 51 241
87 98 56 241
70 92 79 241
85 64 92 241
83 69 89 241
74 88 79 241
94 87 61 242
82 81 79 242
99 87 56 242
89 55 98 242
90 72 80 242
64 82 96 242
84 82 76 242
84 59 99 242
47 100 95 242
89 75 79 243
79 87 77 243
90 100 53 243
81 69 93 243
67 82 94 243
62 82 100 244
94 52 98 244
83 73 88 244
54 94 96 244
68 93 83 244
76 70 98 244
100 46 98 244
93 66 85 244
72 91 81 244
100 84 61 245
83 91 71 245
78 78 89 245
87 66 92 245
96 68 81 245
87 83 75 245
94 75 76 245
57 88 100 245
78 72 95 245
82 74 89 245
68 91 86 245
94 69 83 246
67 89 90 246
89 70 87 246
61 87 98 246
100 84 62 246
79 84 83 246
88 80 78 246
93 99 54 246
63 84 99 246
88 92 66 246
65 90 92 247
76 74 97 247
62 95 90 247
92 86 69 247
93 99 55 247
67 98 82 247
97 100 50 247
85 85 77 247
64 83 100 247
65 96 86 247
96 53 98 247
84 96 67 247
77 91 80 248
94 94 60 248
92 66 90 248
83 70 95 248
100 71 77 248
93 69 87 249
96 66 87 249
68 93 88 249
89 99 61 249
84 91 74 249
96 59 95 250
82 95 73 250
95 63 92 250
93 89 68 250
85 65 100 250
91 62 97 250
78 97 75 250
99 85 66 250
64 95 91 250
89 87 74 250
65 86 100 251
94 83 74 251
96 99 56 251
98 68 85 251
60 100 91 251
93 78 80 251
96 90 65 251
83 76 93 252
59 96 97 252
54 99 99 252
87 80 85 252
74 97 81 252
84 81 87 252
92 85 75 252
84 74 95 253
76 83 94 253
95 87 71 253
96 93 64 253
83 90 80 253
85 79 89 253
97 56 100 253
96 97 60 253
97 75 81 253
66 100 87 253
69 95 89 253
76 79 99 254
90 65 99 254
96 78 80 254
62 100 92 254
81 85 88 254
73 93 88 254
65 95 94 254
60 98 96 254
72 90 92 254
89 66 100 255
81 86 88 255
68 93 94 255
67 93 95 255
93 99 63 255
82 81 92 255
71 95 89 255
82 100 73 255
86 82 87 255
85 77 93 255
100 99 56 255
93 90 73 256
86 97 73 256
94 92 70 256
86 86 84 256
65 94 98 257
96 99 62 257
98 81 78 257
71 88 98 257
89 73 95 257
92 98 68 258
77 87 94 258
76 90 92 258
100 74 84 258
65 99 94 258
98 86 75 259
88 78 93 259
70 90 99 259
90 74 95 259
96 76 87 259
94 93 72 259
94 96 70 260
79 95 87 261
82 84 95 261
87 76 98 261
74 93 94 261
99 81 81 261
99 68 94 261
91 75 95 261
82 94 86 262
72 98 92 262
99 94 69 262
89 98 75 262
70 96 96 262
100 93 69 262
82 98 82 262
88 84 91 263
87 77 99 263
100 74 89 263
70 99 94 263
83 91 89 263
95 96 73 264
89 94 81 264
90 82 92 264
79 91 95 265
87 99 79 265
91 89 86 266
93 87 86 266
93 74 99 266
82 88 96 266
93 84 89 266
93 97 77 267
98 95 74 267
84 100 83 267
80 98 90 268
80 98 90 268
97 87 84 268
95 95 78 268
76 95 98 269
95 100 75 270
93 88 89 270
89 100 81 270
90 99 81 270
76 100 94 270
79 98 93 270
88 89 93 270
83 99 89 271
78 97 97 272
94 89 89 272
92 90 91 273
87 92 94 273
95 97 81 273
97 83 94 274
83 96 96 275
98 79 98 275
97 91 88 276
99 85 92 276
92 100 84 276
95 91 90 276
84 98 95 277
93 86 99 278
99 88 91 278
93 91 97 281
92 100 90 282
95 94 93 282
100 90 93 283
96 98 92 286
93 94 100 287
99 92 96 287
96 92 99 287
93 98 99 290
100 96 97 293
Total runtime: 0.027631200035102665 seconds