8 4 3 15
2 3 19 24
18 2 5 25
7 12 7 26
7 14 6 27
24 2 2 28
3 14 11 28
9 7 14 30
12 16 2 30
3 25 3 31
15 6 11 32
11 3 18 32
3 26 3 32
20 12 2 34
3 27 4 34
29 1 7 37
2 22 14 38
13 18 9 40
12 3 26 41
2 35 4 41
18 9 15 42
12 26 5 43
4 23 16 43
5 30 8 43
4 31 9 44
19 12 13 44
21 14 10 45
19 11 15 45
21 15 9 45
18 6 23 47
16 28 3 47
13 2 33 48
31 2 16 49
41 7 2 50
41 8 1 50
24 24 2 50
6 32 13 51
16 34 1 51
36 2 13 51
17 10 24 51
48 2 2 52
30 14 8 52
20 9 24 53
17 4 32 53
28 15 10 53
40 4 10 54
8 7 39 54
21 17 16 54
1 39 14 54
7 36 12 55
2 37 16 55
6 36 13 55
1 37 17 55
7 44 4 55
6 40 9 55
10 20 26 56
11 30 15 56
41 12 5 58
1 6 51 58
20 12 26 58
17 37 4 58
35 20 3 58
11 38 10 59
6 11 43 60
7 42 11 60
5 34 21 60
6 48 6 60
17 27 17 61
6 10 45 61
40 16 5 61
32 17 12 61
20 15 27 62
3 45 14 62
43 11 8 62
41 15 7 63
46 5 12 63
43 5 15 63
4 28 31 63
30 30 3 63
18 40 6 64
33 11 20 64
10 13 41 64
10 51 3 64
28 13 23 64
24 10 31 65
5 33 27 65
31 24 10 65
8 42 15 65
45 1 19 65
7 9 49 65
11 36 18 65
10 42 13 65
42 3 21 66
19 13 34 66
10 54 2 66
12 32 22 66
36 14 16 66
8 38 20 66
8 28 30 66
11 43 13 67
11 38 18 67
12 2 53 67
27 30 10 67
18 14 35 67
13 47 8 68
23 29 16 68
5 55 8 68
34 22 12 68
42 9 17 68
35 18 15 68
32 11 26 69
10 52 7 69
8 6 55 69
40 6 23 69
16 35 18 69
27 31 11 69
42 11 16 69
31 5 33 69
3 41 25 69
51 17 2 70
28 24 18 70
29 18 23 70
5 54 11 70
13 56 1 70
43 13 15 71
19 33 19 71
13 39 19 71
5 32 34 71
56 8 8 72
48 17 7 72
2 42 29 73
45 6 22 73
45 12 16 73
8 64 2 74
31 18 25 74
25 42 7 74
19 31 24 74
52 1 22 75
3 15 57 75
48 13 14 75
34 27 14 75
22 35 18 75
8 3 64 75
10 56 10 76
34 14 28 76
10 14 52 76
6 16 54 76
9 10 57 76
31 38 8 77
2 69 6 77
31 44 2 77
9 6 62 77
10 54 13 77
38 23 16 77
8 55 15 78
3 30 45 78
26 5 47 78
38 35 6 79
40 28 11 79
1 10 68 79
14 14 51 79
21 10 48 79
20 54 5 79
56 15 9 80
32 31 17 80
3 11 66 80
17 30 33 80
53 6 21 80
56 18 6 80
24 28 29 81
35 40 6 81
18 26 37 81
41 16 24 81
12 7 62 81
21 22 39 82
39 10 33 82
13 46 23 82
9 66 7 82
61 5 16 82
2 39 41 82
19 34 29 82
44 19 20 83
48 2 33 83
11 42 30 83
46 20 17 83
8 51 24 83
41 2 40 83
21 34 28 83
55 22 7 84
5 60 19 84
20 28 36 84
40 11 33 84
33 20 31 84
21 12 51 84
25 59 1 85
9 39 37 85
29 33 23 85
9 59 17 85
19 6 60 85
53 24 8 85
33 31 21 85
34 51 1 86
38 41 7 86
28 45 13 86
21 12 53 86
29 15 42 86
17 58 11 86
8 36 42 86
2 13 71 86
29 14 44 87
15 57 15 87
26 33 28 87
28 14 45 87
33 30 24 87
13 24 50 87
46 7 34 87
5 74 8 87
77 5 6 88
45 4 39 88
58 27 3 88
36 46 6 88
16 49 23 88
29 30 29 88
14 4 70 88
11 65 12 88
34 22 32 88
63 2 24 89
42 21 26 89
28 58 3 89
29 50 10 89
17 54 18 89
8 27 54 89
19 61 9 89
9 4 76 89
6 74 9 89
32 43 14 89
19 23 48 90
13 61 16 90
35 9 46 90
23 64 3 90
61 11 18 90
11 69 10 90
54 17 19 90
14 7 69 90
47 5 38 90
39 15 36 90
57 32 2 91
33 51 7 91
52 24 15 91
64 25 2 91
53 28 10 91
69 14 8 91
50 37 4 91
7 6 78 91
48 15 29 92
8 42 42 92
37 30 25 92
86 4 2 92
45 20 27 92
10 45 37 92
77 9 6 92
27 28 37 92
3 53 37 93
9 56 28 93
3 43 47 93
47 35 11 93
46 26 21 93
31 33 29 93
51 18 25 94
3 15 76 94
28 43 23 94
29 37 28 94
1 56 37 94
29 64 1 94
12 46 36 94
5 67 22 94
52 27 15 94
18 65 11 94
56 5 34 95
81 13 1 95
28 63 5 96
16 47 33 96
23 41 32 96
4 13 79 96
46 29 21 96
7 50 39 96
36 1 59 96
12 18 66 96
11 37 49 97
43 9 45 97
51 7 39 97
46 1 50 97
15 37 45 97
8 15 74 97
56 5 36 97
51 45 1 97
60 22 15 97
14 61 22 97
82 1 14 97
38 47 12 97
78 10 9 97
68 5 24 97
24 26 48 98
29 29 40 98
3 24 71 98
24 11 63 98
28 30 40 98
38 14 46 98
26 21 51 98
24 17 58 99
26 12 61 99
19 5 75 99
60 24 15 99
42 34 23 99
43 46 11 100
8 68 24 100
29 14 57 100
62 35 3 100
70 5 25 100
31 49 20 100
21 32 47 100
3 94 3 100
43 24 33 100
46 43 11 100
35 34 31 100
6 19 75 100
62 27 12 101
10 20 71 101
30 40 31 101
26 71 4 101
52 23 26 101
1 33 67 101
19 45 37 101
9 41 51 101
13 8 80 101
4 21 76 101
30 68 3 101
12 63 26 101
5 40 56 101
6 69 26 101
10 54 38 102
34 23 45 102
9 6 87 102
47 1 54 102
31 35 36 102
81 9 12 102
55 26 21 102
3 97 2 102
52 14 36 102
20 36 46 102
16 4 82 102
63 35 4 102
77 17 8 102
49 14 39 102
93 6 3 102
35 64 3 102
47 42 13 102
58 29 16 103
47 19 37 103
16 76 11 103
7 10 86 103
47 25 31 103
30 46 27 103
23 60 20 103
15 79 9 103
1 59 43 103
68 19 17 104
39 11 54 104
84 9 11 104
8 84 12 104
45 52 7 104
1 26 77 104
59 44 1 104
40 13 52 105
51 26 28 105
6 71 28 105
78 7 20 105
21 46 38 105
8 50 47 105
65 4 36 105
52 7 46 105
53 5 48 106
62 40 4 106
40 62 4 106
84 2 20 106
63 42 1 106
90 14 2 106
35 48 23 106
2 88 16 106
30 41 35 106
69 7 30 106
29 17 60 106
63 1 42 106
20 51 35 106
69 5 32 106
33 13 61 107
9 92 6 107
52 37 18 107
26 19 62 107
17 89 1 107
12 72 23 107
29 73 5 107
84 9 14 107
23 17 68 108
57 37 14 108
72 19 17 108
24 18 66 108
19 30 59 108
59 36 13 108
6 76 26 108
57 4 47 108
59 6 43 108
29 20 59 108
10 66 32 108
20 27 61 108
3 94 11 108
33 5 70 108
82 10 16 108
12 59 37 108
14 44 50 108
17 14 77 108
66 11 31 108
87 20 2 109
3 74 32 109
39 20 50 109
7 3 99 109
82 6 21 109
16 90 3 109
2 71 36 109
73 16 20 109
9 90 10 109
65 29 15 109
20 14 75 109
32 72 5 109
91 9 10 110
65 21 24 110
4 47 59 110
9 7 94 110
2 60 48 110
84 13 13 110
30 51 29 110
43 37 30 110
18 89 3 110
91 10 9 110
95 8 8 111
6 75 30 111
43 3 65 111
28 33 50 111
22 27 62 111
1 62 48 111
8 18 85 111
25 42 44 111
74 6 31 111
29 21 61 111
15 22 74 111
78 14 19 111
22 62 27 111
31 22 58 111
56 29 27 112
99 4 9 112
6 76 30 112
8 63 41 112
76 17 19 112
54 17 41 112
16 84 12 112
47 27 38 112
9 69 34 112
13 9 90 112
23 15 74 112
10 16 87 113
57 46 10 113
36 7 70 113
1 26 86 113
65 32 16 113
48 4 61 113
5 63 45 113
47 38 28 113
9 9 95 113
8 100 5 113
48 21 44 113
7 83 23 113
69 7 37 113
19 6 88 113
51 31 31 113
63 28 23 114
19 14 81 114
29 35 50 114
24 64 26 114
35 16 63 114
54 56 4 114
49 57 8 114
37 40 37 114
12 20 82 114
26 18 70 114
91 21 2 114
41 55 18 114
60 15 39 114
41 56 17 114
51 17 46 114
31 76 7 114
60 16 38 114
50 9 56 115
77 2 36 115
14 22 79 115
56 27 32 115
46 39 30 115
23 6 86 115
46 42 27 115
77 34 4 115
62 11 43 116
25 69 22 116
33 71 12 116
3 62 51 116
38 38 40 116
33 61 22 116
32 65 19 116
91 7 18 116
5 90 21 116
80 16 20 116
66 36 14 116
45 36 35 116
59 17 40 116
90 16 10 116
63 29 24 116
47 38 31 116
3 51 63 117
24 2 91 117
21 72 24 117
50 6 61 117
9 49 59 117
52 37 28 117
32 37 48 117
5 50 62 117
12 6 99 117
23 38 56 117
33 37 47 117
13 25 79 117
98 14 5 117
3 95 20 118
86 14 18 118
42 56 20 118
16 97 5 118
17 95 6 118
32 83 3 118
56 43 19 118
37 20 61 118
19 34 65 118
32 19 67 118
1 66 51 118
11 33 74 118
9 13 96 118
18 99 1 118
26 85 7 118
74 12 32 118
11 47 61 119
39 16 64 119
45 50 24 119
31 23 65 119
42 11 66 119
65 27 27 119
31 32 56 119
70 5 44 119
13 55 51 119
47 4 68 119
3 43 73 119
65 33 21 119
60 31 28 119
25 75 19 119
28 81 10 119
55 42 22 119
58 35 27 120
66 39 15 120
32 79 9 120
54 65 1 120
6 50 64 120
47 4 69 120
76 11 33 120
14 72 34 120
22 66 32 120
35 30 55 120
35 39 46 120
18 81 21 120
62 22 36 120
24 16 80 120
26 35 59 120
51 68 1 120
58 12 51 121
22 21 78 121
16 31 74 121
64 56 1 121
13 40 68 121
59 39 23 121
28 3 90 121
23 28 70 121
30 56 35 121
98 7 16 121
47 8 66 121
71 8 42 121
99 10 13 122
7 46 69 122
16 38 68 122
1 96 25 122
69 49 4 122
18 50 54 122
5 60 57 122
28 26 68 122
28 82 12 122
39 19 64 122
27 65 30 122
33 51 38 122
93 14 15 122
62 19 41 122
10 37 76 123
42 61 20 123
43 62 18 123
19 46 58 123
52 65 6 123
32 76 15 123
41 37 45 123
14 24 85 123
4 63 56 123
31 20 72 123
44 39 40 123
25 48 50 123
41 9 73 123
16 59 48 123
19 9 96 124
28 2 94 124
31 60 33 124
52 32 40 124
40 8 76 124
16 62 46 124
82 41 1 124
9 42 73 124
52 36 36 124
59 64 1 124
57 1 66 124
55 10 59 124
51 6 67 124
55 30 39 124
79 21 24 124
62 36 27 125
75 22 28 125
37 55 33 125
71 13 41 125
20 27 78 125
37 75 13 125
38 66 21 125
66 4 55 125
14 16 95 125
86 18 22 126
42 79 5 126
40 76 10 126
11 69 46 126
13 18 95 126
11 34 81 126
65 15 46 126
31 60 35 126
71 25 30 126
9 24 93 126
5 36 85 126
97 27 2 126
34 52 40 126
93 15 18 126
50 36 40 126
13 97 16 126
90 3 34 127
26 87 14 127
58 13 56 127
2 91 34 127
64 60 3 127
80 31 16 127
34 73 20 127
51 61 15 127
1 51 76 128
29 72 27 128
42 84 2 128
13 59 56 128
50 31 47 128
29 65 34 128
65 29 34 128
53 4 71 128
52 43 33 128
39 58 31 128
80 31 17 128
65 53 10 128
32 92 4 128
58 30 40 128
49 37 42 128
26 73 29 128
12 55 61 128
79 9 40 128
12 58 59 129
31 87 11 129
65 60 4 129
50 55 24 129
39 48 42 129
12 18 99 129
52 40 37 129
9 58 62 129
51 59 19 129
83 22 24 129
35 65 29 129
76 20 33 129
68 27 34 129
47 18 64 129
49 61 20 130
91 26 13 130
3 66 61 130
48 59 23 130
7 58 65 130
49 26 55 130
11 36 83 130
69 41 20 130
94 11 25 130
8 66 56 130
34 94 2 130
1 92 37 130
37 85 8 130
57 33 40 130
45 21 65 131
45 45 41 131
80 43 8 131
80 44 7 131
33 91 7 131
95 15 21 131
26 32 73 131
29 90 12 131
5 32 94 131
95 5 31 131
46 30 55 131
36 85 10 131
14 26 91 131
52 53 27 132
83 12 37 132
8 80 44 132
3 44 85 132
58 48 26 132
67 4 61 132
2 93 37 132
71 41 20 132
33 94 5 132
31 48 53 132
18 27 87 132
51 13 68 132
79 4 49 132
40 18 74 132
31 29 73 133
68 64 1 133
2 76 55 133
5 48 80 133
37 8 88 133
46 61 26 133
96 2 35 133
18 22 93 133
45 39 49 133
1 87 45 133
18 83 32 133
49 30 54 133
10 52 71 133
74 52 7 133
59 57 17 133
11 96 27 134
33 1 100 134
42 54 38 134
30 49 55 134
71 20 43 134
64 6 64 134
37 11 86 134
57 54 23 134
9 85 40 134
27 10 97 134
22 38 74 134
65 66 3 134
7 94 33 134
47 18 69 134
22 56 56 134
26 8 100 134
29 31 75 135
51 22 62 135
21 60 54 135
57 14 64 135
51 14 70 135
58 68 9 135
2 66 67 135
81 4 50 135
49 85 1 135
59 20 56 135
77 17 41 135
8 82 45 135
33 2 100 135
90 21 24 135
38 80 17 135
73 9 53 135
20 60 55 135
53 37 46 136
13 40 83 136
1 82 53 136
33 69 34 136
39 40 57 136
8 35 93 136
55 74 7 136
9 44 83 136
65 47 25 137
74 57 6 137
33 18 86 137
71 48 18 137
63 1 73 137
13 50 74 137
26 71 40 137
6 80 51 137
94 8 35 137
85 23 29 137
30 10 97 137
24 32 81 137
74 21 42 137
67 14 56 137
17 57 64 138
38 81 19 138
44 9 85 138
54 79 5 138
57 72 9 138
9 89 40 138
18 86 34 138
48 20 70 138
40 28 70 138
65 11 62 138
10 44 84 138
73 8 57 138
55 34 49 138
80 11 47 138
87 27 24 138
58 5 75 138
2 67 69 138
86 48 4 138
77 51 10 138
29 31 78 138
23 58 57 138
42 88 9 139
35 69 35 139
34 71 34 139
30 24 85 139
68 13 58 139
71 53 15 139
69 16 54 139
84 30 25 139
32 71 36 139
56 52 31 139
68 38 33 139
26 16 97 139
40 15 84 139
36 17 86 139
88 47 5 140
48 9 83 140
61 26 53 140
46 73 21 140
98 15 27 140
95 39 6 140
16 30 94 140
72 63 5 140
90 17 33 140
71 4 65 140
7 74 59 140
22 99 19 140
69 62 9 140
54 22 64 140
29 37 74 140
88 9 43 140
50 49 41 140
9 34 97 140
53 82 5 140
75 14 51 140
24 93 23 140
51 12 77 140
64 65 12 141
76 64 1 141
11 48 82 141
14 66 61 141
14 31 96 141
95 11 35 141
22 70 49 141
83 14 44 141
48 82 11 141
8 60 73 141
16 89 36 141
34 56 52 142
30 67 45 142
32 17 93 142
63 16 63 142
18 67 57 142
57 66 19 142
1 82 59 142
55 67 21 143
96 46 1 143
82 43 18 143
25 54 64 143
40 65 38 143
78 34 31 143
3 67 73 143
77 19 47 143
44 64 35 143
14 78 51 143
74 44 25 143
35 78 31 144
10 43 91 144
57 45 42 144
12 72 60 144
57 73 14 144
37 40 67 144
58 20 66 144
57 7 80 144
64 41 39 144
7 57 80 144
47 89 8 144
66 63 15 144
37 26 81 144
56 16 72 144
42 84 18 144
58 30 56 144
31 16 98 145
62 17 66 145
68 64 13 145
5 92 48 145
61 19 65 145
74 40 31 145
34 17 94 145
11 67 67 145
44 82 19 145
84 50 11 145
72 56 17 145
56 86 3 145
11 47 87 145
70 4 71 145
5 79 61 145
79 61 5 145
25 66 55 146
27 54 65 146
62 23 61 146
29 20 97 146
73 65 8 146
56 35 55 146
62 66 18 146
87 38 21 146
4 99 43 146
27 88 31 146
23 70 53 146
13 82 51 146
17 98 31 146
98 47 1 146
92 1 54 147
66 19 62 147
100 4 43 147
64 50 33 147
13 88 46 147
40 93 14 147
36 92 19 147
56 16 75 147
11 60 76 147
38 60 49 147
29 31 87 147
62 53 32 147
56 12 79 147
38 47 62 147
43 37 67 147
14 99 34 147
42 21 84 147
27 83 37 147
2 65 81 148
82 41 25 148
46 56 46 148
25 58 65 148
48 45 55 148
70 7 71 148
33 27 88 148
85 49 14 148
64 64 20 148
72 73 3 148
93 26 29 148
3 72 73 148
96 29 24 149
66 6 77 149
30 56 63 149
34 56 59 149
8 44 97 149
36 76 37 149
44 12 93 149
24 73 52 149
98 13 38 149
26 94 29 149
26 58 65 149
4 56 90 150
79 69 2 150
77 40 33 150
84 49 17 150
44 81 25 150
64 23 63 150
63 1 86 150
55 78 18 151
9 69 73 151
86 29 36 151
8 75 68 151
54 84 13 151
2 78 71 151
62 27 62 151
71 72 8 151
63 72 16 151
1 65 85 151
45 36 70 151
55 47 49 151
57 2 92 151
86 64 1 151
55 31 65 151
85 48 18 151
44 16 91 151
20 94 37 151
61 58 32 151
92 47 12 151
39 53 59 151
95 4 52 151
9 50 92 151
45 7 100 152
34 81 37 152
39 57 56 152
85 35 32 152
75 60 17 152
47 60 45 152
83 35 34 152
22 58 72 152
82 59 11 152
57 73 22 152
4 58 90 152
86 44 22 152
61 30 62 153
31 98 24 153
3 77 73 153
90 14 49 153
70 11 72 153
9 76 68 153
26 87 40 153
19 71 63 153
29 32 92 153
67 10 76 153
88 28 37 153
86 21 47 154
51 33 70 154
33 71 50 154
67 16 71 154
47 54 53 154
30 55 69 154
57 61 36 154
66 19 69 154
52 92 10 154
82 65 7 154
41 13 100 154
22 64 68 154
31 84 40 155
92 23 40 155
96 32 27 155
11 55 89 155
43 66 46 155
48 56 51 155
44 37 74 155
19 41 95 155
59 42 54 155
98 43 14 155
33 24 98 155
77 5 73 155
32 72 51 155
16 64 75 155
34 98 24 156
79 59 18 156
54 82 20 156
47 22 87 156
41 69 46 156
48 58 50 156
8 98 50 156
67 17 72 156
63 27 66 156
1 85 70 156
41 55 60 156
84 64 8 156
45 65 46 156
73 77 6 156
35 87 35 157
66 35 56 157
91 20 46 157
43 14 100 157
71 8 78 157
49 67 41 157
70 28 59 157
18 53 86 157
58 6 93 157
78 54 25 157
77 33 47 157
41 57 59 157
70 29 58 157
21 59 78 158
97 44 17 158
2 75 81 158
39 53 66 158
64 12 82 158
35 25 98 158
84 30 44 158
59 76 23 158
90 10 58 158
48 94 16 158
54 66 38 158
55 90 13 158
36 40 82 158
15 76 67 158
36 35 87 158
32 52 75 159
26 82 51 159
51 33 75 159
76 8 75 159
34 51 74 159
100 55 4 159
12 68 79 159
39 41 79 159
76 80 3 159
35 78 46 159
7 98 54 159
42 83 34 159
92 63 4 159
47 17 95 159
78 74 7 159
78 2 79 159
43 90 26 159
43 95 21 159
13 62 85 160
60 69 31 160
54 85 21 160
6 89 65 160
85 4 71 160
26 50 84 160
71 53 36 160
71 6 83 160
21 40 99 160
16 66 78 160
98 20 42 160
52 87 21 160
10 98 53 161
13 97 51 161
23 95 43 161
21 60 80 161
30 70 61 161
91 41 29 161
17 79 65 161
69 12 80 161
15 54 92 161
22 71 68 161
48 47 66 161
36 95 30 161
56 25 80 161
6 76 79 161
23 66 72 161
77 81 4 162
17 76 69 162
20 68 74 162
21 94 47 162
53 99 10 162
13 100 49 162
59 91 12 162
85 66 11 162
63 3 96 162
97 35 30 162
45 36 81 162
84 75 3 162
81 34 47 162
49 15 98 162
44 18 100 162
59 31 72 162
6 80 76 162
94 27 41 162
73 63 26 162
60 83 19 162
1 99 63 163
89 50 24 163
82 9 72 163
74 47 42 163
13 58 92 163
77 30 56 163
63 24 76 163
50 54 59 163
52 38 73 163
26 62 75 163
49 92 22 163
61 77 25 163
63 51 49 163
39 32 92 163
54 14 95 163
23 81 59 163
13 67 83 163
25 89 49 163
28 39 96 163
64 75 24 163
72 68 24 164
33 74 57 164
28 78 58 164
54 52 58 164
85 51 28 164
43 88 33 164
69 65 30 164
77 2 85 164
25 100 39 164
73 22 69 164
89 2 73 164
83 27 54 164
58 95 11 164
30 92 43 165
44 90 31 165
41 55 69 165
77 68 20 165
21 57 87 165
31 90 44 165
83 48 34 165
17 63 85 165
75 9 81 165
79 82 4 165
76 82 7 165
11 85 70 166
35 93 38 166
51 16 99 166
45 48 73 166
61 18 87 166
60 67 39 166
92 35 39 166
55 82 29 166
56 38 72 166
79 59 28 166
86 20 60 166
27 42 97 166
41 49 76 166
19 71 76 166
14 77 75 166
88 41 37 166
70 18 78 166
28 99 39 166
49 37 81 167
49 27 91 167
34 53 80 167
27 57 83 167
96 33 38 167
43 87 37 167
65 55 47 167
86 60 21 167
56 30 81 167
61 34 72 167
92 25 50 167
56 31 80 167
95 22 50 167
86 6 75 167
10 84 73 167
15 85 67 167
48 99 21 168
80 53 35 168
88 49 31 168
23 81 64 168
63 93 12 168
99 17 52 168
87 70 11 168
66 83 19 168
36 90 42 168
93 41 34 168
20 61 87 168
78 63 27 168
58 54 56 168
27 75 66 168
66 40 63 169
80 79 10 169
99 17 53 169
62 48 59 169
70 68 31 169
15 61 93 169
2 93 74 169
44 42 83 169
69 63 37 169
19 74 76 169
4 73 92 169
50 93 26 169
89 11 69 169
41 97 31 169
36 96 38 170
80 22 68 170
46 69 55 170
83 5 82 170
59 57 54 170
52 94 24 170
99 22 49 170
86 30 54 170
58 90 22 170
35 37 98 170
82 69 19 170
86 81 3 170
74 81 15 170
76 55 39 170
65 45 61 171
63 24 84 171
97 7 67 171
79 48 44 171
76 46 49 171
68 44 59 171
96 61 14 171
77 71 23 171
58 67 46 171
99 28 44 171
89 72 11 172
2 73 97 172
96 39 37 172
40 48 84 172
17 74 81 172
96 71 5 172
61 93 18 172
86 8 78 172
51 42 79 172
83 28 61 172
71 21 80 172
71 21 80 172
62 16 94 172
18 59 95 172
74 48 50 172
61 73 38 172
76 19 77 172
70 4 99 173
73 68 32 173
15 84 74 173
94 9 70 173
95 29 49 173
21 86 66 173
31 50 92 173
70 74 29 173
14 61 98 173
78 11 84 173
32 42 99 173
63 76 35 174
82 58 34 174
61 48 65 174
61 51 62 174
58 41 75 174
77 44 53 174
29 82 63 174
20 94 60 174
73 58 43 174
97 4 73 174
16 95 63 174
24 97 53 174
51 26 97 174
79 45 50 174
93 74 7 174
39 95 40 174
74 81 20 175
87 17 71 175
86 70 19 175
84 35 56 175
96 68 11 175
57 80 38 175
72 9 94 175
47 75 53 175
96 15 64 175
66 19 90 175
70 100 5 175
77 8 90 175
47 35 93 175
93 6 76 175
14 72 89 175
9 99 67 175
39 68 68 175
81 67 28 176
87 13 76 176
49 91 36 176
44 88 44 176
38 39 99 176
51 48 77 176
57 46 73 176
46 51 80 177
57 58 62 177
6 88 83 177
85 43 49 177
25 83 70 178
73 75 30 178
93 39 46 178
57 82 39 178
53 72 53 178
45 50 83 178
74 24 80 178
26 95 57 178
2 76 100 178
46 61 71 178
77 1 100 178
61 46 71 178
17 94 67 178
40 55 83 178
88 3 88 179
82 12 85 179
63 41 75 179
85 42 52 179
99 37 43 179
25 70 84 179
58 81 40 179
71 61 47 179
67 87 25 179
85 58 36 179
89 46 44 179
1 100 78 179
53 47 79 179
24 89 66 179
75 85 20 180
85 70 25 180
56 43 81 180
55 98 27 180
80 69 31 180
53 91 36 180
34 82 64 180
73 14 93 180
45 63 73 181
71 33 77 181
69 16 96 181
85 76 20 181
53 95 33 181
94 28 59 181
49 77 55 181
78 71 32 181
75 30 76 181
83 25 73 181
75 8 98 181
82 14 85 181
80 34 67 181
4 81 96 181
36 71 74 181
95 68 18 181
95 49 37 181
54 45 82 181
28 92 62 182
81 17 84 182
36 84 62 182
42 64 76 182
73 62 47 182
48 47 87 182
100 67 15 182
72 40 71 183
63 39 81 183
18 83 82 183
65 81 37 183
84 59 40 183
89 90 4 183
78 99 6 183
34 91 58 183
49 72 62 183
51 83 49 183
38 68 77 183
59 99 25 183
12 84 88 184
47 77 60 184
64 58 62 184
42 86 56 184
71 31 82 184
85 50 49 184
60 74 50 184
70 33 81 184
85 85 14 184
93 35 56 184
70 70 44 184
89 89 6 184
93 6 85 184
92 30 62 184
6 89 89 184
100 68 16 184
78 95 12 185
100 38 47 185
75 28 82 185
80 45 60 185
50 38 97 185
43 61 81 185
84 38 63 185
66 100 19 185
54 81 50 185
33 56 97 186
91 48 47 186
72 96 18 186
44 44 98 186
67 20 99 186
69 52 65 186
81 97 8 186
85 41 60 186
81 33 72 186
53 74 59 186
95 73 18 186
21 81 84 186
68 29 89 186
12 84 90 186
58 48 80 186
73 75 38 186
84 28 75 187
99 60 28 187
69 94 24 187
61 38 88 187
95 67 25 187
56 94 37 187
78 48 61 187
22 86 79 187
40 96 51 187
60 76 51 187
43 92 52 187
79 29 79 187
82 86 19 187
85 81 21 187
36 67 85 188
38 68 82 188
52 57 79 188
56 83 49 188
51 77 60 188
86 50 52 188
49 40 99 188
81 25 82 188
18 92 78 188
71 66 51 188
77 81 30 188
47 58 83 188
24 88 76 188
77 71 40 188
66 52 70 188
28 72 88 188
36 80 73 189
13 87 89 189
12 97 80 189
84 22 83 189
41 65 83 189
47 63 79 189
87 71 31 189
89 22 78 189
91 39 59 189
46 65 79 190
54 44 92 190
68 52 70 190
59 52 79 190
82 23 85 190
35 65 90 190
39 94 57 190
42 99 49 190
67 51 73 191
35 80 76 191
57 57 77 191
83 87 21 191
90 96 5 191
92 30 69 191
70 51 70 191
72 19 100 191
63 39 89 191
48 90 54 192
90 76 26 192
89 3 100 192
62 75 55 192
47 61 84 192
85 14 93 192
63 93 36 192
57 76 59 192
46 66 80 192
86 56 50 192
74 83 35 192
55 46 91 192
87 28 78 193
40 53 100 193
63 50 80 193
85 48 60 193
89 21 83 193
82 64 47 193
77 94 22 193
99 2 92 193
93 21 79 193
91 56 46 193
83 50 60 193
84 64 45 193
89 66 38 193
31 83 79 193
99 83 12 194
51 50 93 194
47 65 82 194
57 61 76 194
47 48 99 194
89 48 57 194
61 95 38 194
31 70 93 194
99 44 51 194
78 87 29 194
43 55 97 195
57 68 70 195
71 76 48 195
97 94 4 195
82 76 37 195
70 82 43 195
51 53 91 195
87 28 80 195
66 41 89 196
98 76 22 196
71 90 35 196
93 47 56 196
20 97 79 196
60 47 89 196
91 10 95 196
96 81 19 196
82 70 44 196
51 72 73 196
100 77 19 196
20 99 78 197
86 56 55 197
92 86 19 197
71 87 39 197
66 64 67 197
86 44 67 197
94 38 65 197
73 34 90 197
85 43 69 197
69 61 67 197
61 39 98 198
85 77 36 198
97 24 77 198
45 53 100 198
56 63 79 198
53 84 61 198
75 51 72 198
46 65 87 198
78 98 22 198
43 96 59 198
49 64 85 198
80 28 90 198
51 92 55 198
78 32 88 198
66 96 37 199
80 61 58 199
66 63 70 199
30 97 72 199
89 96 14 199
25 79 95 199
39 88 72 199
87 46 66 199
80 35 84 199
85 43 71 199
82 48 69 199
96 16 87 199
83 66 50 199
60 43 97 200
86 19 95 200
97 15 88 200
82 86 32 200
83 18 99 200
60 68 72 200
84 55 61 200
100 74 26 200
87 74 39 200
16 96 88 200
23 84 93 200
49 70 82 201
81 93 27 201
65 100 36 201
27 95 79 201
97 96 8 201
99 69 33 201
83 35 83 201
16 96 89 201
76 50 75 201
23 91 87 201
78 87 36 201
77 25 99 201
37 78 87 202
78 56 68 202
98 78 26 202
31 88 83 202
55 51 96 202
48 66 88 202
89 81 32 202
71 50 81 202
73 40 89 202
74 35 93 202
60 69 74 203
99 37 67 203
74 63 66 203
62 66 75 203
30 77 96 203
73 39 91 203
38 68 97 203
95 77 31 203
46 89 68 203
90 68 45 203
67 75 61 203
35 100 68 203
83 47 74 204
50 56 98 204
65 50 89 204
98 32 74 204
43 69 92 204
34 89 81 204
51 93 60 204
23 98 83 204
63 45 96 204
96 53 55 204
85 89 30 204
99 86 19 204
39 89 76 204
82 83 40 205
52 68 85 205
64 76 65 205
97 59 49 205
50 69 86 205
94 32 79 205
75 72 58 205
28 87 90 205
60 65 80 205
96 38 71 205
91 26 88 205
44 100 62 206
84 87 35 206
91 83 32 206
95 20 91 206
56 62 88 206
81 50 75 206
70 86 50 206
98 78 30 206
76 33 97 206
86 77 44 207
36 86 85 207
88 33 86 207
96 74 37 207
86 78 43 207
77 42 88 207
41 66 100 207
90 58 59 207
43 72 93 208
96 70 42 208
41 80 87 208
57 53 98 208
71 57 80 208
95 55 59 209
100 35 74 209
79 81 49 209
78 34 97 209
82 71 56 209
99 39 71 209
55 100 54 209
42 96 71 209
97 21 91 209
55 92 62 209
87 85 37 209
100 13 96 209
92 24 94 210
21 92 97 210
15 95 100 210
69 97 44 210
87 60 63 210
48 78 84 210
53 84 73 210
69 66 75 210
59 86 65 210
87 25 98 210
18 93 100 211
53 66 92 211
100 85 26 211
38 84 89 211
34 96 81 211
42 82 87 211
79 48 84 211
41 84 86 211
90 83 38 211
78 100 33 211
70 66 76 212
93 30 89 212
40 92 80 212
49 78 85 212
99 72 41 212
59 83 71 213
41 99 73 213
98 66 49 213
82 58 73 213
90 96 27 213
95 43 75 213
70 95 48 213
96 85 32 213
96 32 85 213
26 99 88 213
71 45 97 213
71 69 74 214
74 79 61 214
64 67 83 214
73 100 41 214
88 39 87 214
46 70 98 214
87 71 56 214
26 99 89 214
81 92 41 214
44 77 93 214
85 47 83 215
75 84 56 215
75 61 79 215
73 85 57 215
80 92 43 215
51 77 87 215
92 79 45 216
44 79 93 216
89 44 83 216
48 86 82 216
64 62 90 216
90 45 81 216
89 85 42 216
57 94 65 216
38 84 94 216
97 73 46 216
46 85 85 216
53 71 92 216
82 62 73 217
95 89 33 217
65 58 94 217
89 77 52 218
89 62 67 218
96 55 67 218
48 74 96 218
69 94 55 218
94 72 52 218
36 96 86 218
28 96 95 219
70 94 55 219
90 33 96 219
83 81 55 219
75 92 52 219
78 66 75 219
64 100 55 219
78 99 42 219
44 87 89 220
65 67 88 220
52 82 86 220
60 98 62 220
49 94 77 220
60 75 86 221
67 65 89 221
93 49 79 221
67 95 59 221
98 37 86 221
66 96 59 221
97 68 57 222
75 64 83 222
98 89 35 222
92 93 37 222
58 71 94 223
42 81 100 223
76 55 92 223
36 98 89 223
92 83 48 223
76 55 93 224
79 46 99 224
85 53 86 224
27 97 100 224
56 100 68 224
52 95 77 224
59 68 97 224
86 93 45 224
93 53 79 225
83 77 65 225
74 97 54 225
84 89 53 226
68 76 82 226
75 85 67 227
93 55 79 227
94 89 44 227
48 95 84 227
59 83 85 227
51 90 86 227
87 49 91 227
94 93 41 228
62 75 91 228
99 48 81 228
65 78 85 228
94 52 83 229
57 86 86 229
80 81 68 229
64 96 69 229
72 60 97 229
92 42 96 230
95 63 72 230
86 64 80 230
88 78 64 230
52 78 100 230
99 99 33 231
93 69 69 231
98 100 33 231
88 67 76 231
81 96 54 231
100 65 67 232
94 99 39 232
54 79 99 232
65 81 87 233
51 89 93 233
88 63 82 233
72 66 95 233
82 80 71 233
76 67 90 233
52 85 96 233
82 78 74 234
60 89 85 234
85 90 60 235
71 97 67 235
99 97 40 236
72 86 78 236
54 94 88 236
94 84 58 236
53 100 84 237
59 84 94 237
67 71 99 237
76 72 90 238
100 54 84 238
93 50 95 238
99 40 99 238
99 43 96 238
98 57 83 238
73 92 74 239
96 60 84 240
91 92 57 240
49 92 100 241
79 73 89 241
98 72 71 241
93 96 52 241
89 85 67 241
65 94 83 242
85 73 84 242
57 92 93 242
89 81 73 243
80 82 81 243
99 98 46 243
58 91 95 244
96 60 88 244
80 66 98 244
98 66 80 244
76 100 68 244
78 92 74 244
93 91 60 244
68 81 96 245
85 84 76 245
92 69 84 245
95 67 84 246
58 91 98 247
59 91 97 247
89 99 59 247
74 100 73 247
77 73 97 247
86 64 98 248
98 93 57 248
78 72 98 248
55 100 93 248
78 100 70 248
99 89 60 248
94 62 92 248
75 87 87 249
94 57 98 249
89 99 62 250
96 75 79 250
97 70 83 250
94 92 65 251
70 92 89 251
93 99 59 251
88 77 86 251
96 74 81 251
79 73 100 252
99 99 54 252
84 95 74 253
74 95 84 253
70 89 94 253
81 86 86 253
83 77 94 254
81 92 81 254
98 89 67 254
72 99 84 255
98 93 65 256
74 86 96 256
97 83 76 256
83 94 80 257
71 91 95 257
86 87 84 257
68 98 92 258
84 80 95 259
96 72 92 260
99 64 97 260
96 83 82 261
67 98 96 261
96 70 95 261
76 96 90 262
85 80 97 262
88 100 75 263
99 81 84 264
98 82 85 265
93 74 99 266
80 87 100 267
79 96 92 267
86 84 97 267
100 74 95 269
89 98 83 270
79 100 96 275
96 93 87 276
97 79 100 276
91 88 97 276
95 91 91 277
96 88 96 280
90 94 98 282
98 99 94 291
Total runtime: 0.006287097930908203 seconds